1,10.000000,10,0.151000,849,1.000000,5.273174,1.000000,1.089517,0.108927,0.308346,0.383686,0,10,39,0,0,0,88,195,217,103,197,0,0,151,0,0
1,10.000000,8569,0.151000,849,1.000000,4.809214,1.000000,1.109541,0.103297,0.307722,0.379232,0,11,38,0,0,0,63,202,235,130,170,0,0,151,0,0
1,10.000000,7347,0.154000,846,1.000000,4.922995,1.000000,1.079196,0.105673,0.311243,0.384026,0,9,37,0,0,0,73,210,217,114,186,0,0,154,0,0
1,20.000000,10,0.151000,849,1.000000,5.273174,1.000000,1.153121,0.108927,0.308346,0.383686,0,10,39,0,0,0,88,195,217,103,197,0,0,151,0,0
1,20.000000,8569,0.151000,849,1.000000,4.809214,1.000000,1.177856,0.103297,0.307722,0.379232,0,11,38,0,0,0,63,202,235,130,170,0,0,151,0,0
1,20.000000,7347,0.154000,846,1.000000,4.922995,1.000000,1.164303,0.105673,0.311243,0.384026,0,9,37,0,0,0,73,210,217,114,186,0,0,154,0,0
1,30.000000,10,0.151000,849,1.000000,5.273174,1.000000,1.204947,0.108927,0.308346,0.383686,0,10,39,0,0,0,88,195,217,103,197,0,0,151,0,0
1,30.000000,8569,0.151000,849,1.000000,4.809214,1.000000,1.226148,0.103297,0.307722,0.379232,0,11,38,0,0,0,63,202,235,130,170,0,0,151,0,0
1,30.000000,7347,0.154000,846,1.000000,4.922995,1.000000,1.193853,0.105673,0.311243,0.384026,0,9,37,0,0,0,73,210,217,114,186,0,0,154,0,0
1,40.000000,10,0.151000,849,1.000000,5.273174,1.000000,1.239105,0.108927,0.308346,0.383686,0,10,39,0,0,0,88,195,217,103,197,0,0,151,0,0
1,40.000000,8569,0.151000,849,1.000000,4.809214,1.000000,1.222615,0.103297,0.307722,0.379232,0,11,38,0,0,0,63,202,235,130,170,0,0,151,0,0
1,40.000000,7347,0.154000,846,1.000000,4.922995,1.000000,1.221040,0.105673,0.311243,0.384026,0,9,37,0,0,0,73,210,217,114,186,0,0,154,0,0
1,50.000000,10,0.151000,849,1.000000,5.273174,1.000000,1.270907,0.108927,0.308346,0.383686,0,10,39,0,0,0,88,195,217,103,197,0,0,151,0,0
1,50.000000,8569,0.151000,849,1.000000,4.809214,1.000000,1.262662,0.103297,0.307722,0.379232,0,11,38,0,0,0,63,202,235,130,170,0,0,151,0,0
1,50.000000,7347,0.154000,846,1.000000,4.922995,1.000000,1.258865,0.105673,0.311243,0.384026,0,9,37,0,0,0,73,210,217,114,186,0,0,154,0,0
1,60.000000,10,0.151000,849,1.000000,5.273174,1.000000,1.340400,0.108927,0.308346,0.383686,0,10,39,0,0,0,88,195,217,103,197,0,0,151,0,0
1,60.000000,8569,0.151000,849,1.000000,4.809214,1.000000,1.335689,0.103297,0.307722,0.379232,0,11,38,0,0,0,63,202,235,130,170,0,0,151,0,0
1,60.000000,7347,0.154000,846,1.000000,4.922995,1.000000,1.301418,0.105673,0.311243,0.384026,0,9,37,0,0,0,73,210,217,114,186,0,0,154,0,0
1,70.000000,10,0.151000,849,1.000000,5.273174,1.000000,1.297998,0.108927,0.308346,0.383686,0,10,39,0,0,0,88,195,217,103,197,0,0,151,0,0
1,70.000000,8569,0.151000,849,1.000000,4.809214,1.000000,1.320377,0.103297,0.307722,0.379232,0,11,38,0,0,0,63,202,235,130,170,0,0,151,0,0
1,70.000000,7347,0.154000,846,1.000000,4.922995,1.000000,1.309693,0.105673,0.311243,0.384026,0,9,37,0,0,0,73,210,217,114,186,0,0,154,0,0
1,80.000000,10,0.151000,849,1.000000,5.273174,1.000000,1.383981,0.108927,0.308346,0.383686,0,10,39,0,0,0,88,195,217,103,197,0,0,151,0,0
1,80.000000,8569,0.151000,849,1.000000,4.809214,1.000000,1.354535,0.103297,0.307722,0.379232,0,11,38,0,0,0,63,202,235,130,170,0,0,151,0,0
1,80.000000,7347,0.154000,846,1.000000,4.922995,1.000000,1.358156,0.105673,0.311243,0.384026,0,9,37,0,0,0,73,210,217,114,186,0,0,154,0,0
1,90.000000,10,0.151000,849,1.000000,5.273174,1.000000,1.374558,0.108927,0.308346,0.383686,0,10,39,0,0,0,88,195,217,103,197,0,0,151,0,0
1,90.000000,8569,0.151000,849,1.000000,4.809214,1.000000,1.421673,0.103297,0.307722,0.379232,0,11,38,0,0,0,63,202,235,130,170,0,0,151,0,0
1,90.000000,7347,0.154000,846,1.000000,4.922995,1.000000,1.387707,0.105673,0.311243,0.384026,0,9,37,0,0,0,73,210,217,114,186,0,0,154,0,0
1,100.000000,10,0.151000,849,1.000000,5.273174,1.000000,1.395760,0.108927,0.308346,0.383686,0,10,39,0,0,0,88,195,217,103,197,0,0,151,0,0
1,100.000000,8569,0.151000,849,1.000000,4.809214,1.000000,1.422850,0.103297,0.307722,0.379232,0,11,38,0,0,0,63,202,235,130,170,0,0,151,0,0
1,100.000000,7347,0.154000,846,1.000000,4.922995,1.000000,1.400709,0.105673,0.311243,0.384026,0,9,37,0,0,0,73,210,217,114,186,0,0,154,0,0
1,110.000000,10,0.151000,849,1.000000,5.273174,1.000000,1.447585,0.108927,0.308346,0.383686,0,10,39,0,0,0,88,195,217,103,197,0,0,151,0,0
1,110.000000,8569,0.151000,849,1.000000,4.809214,1.000000,1.508834,0.103297,0.307722,0.379232,0,11,38,0,0,0,63,202,235,130,170,0,0,151,0,0
1,110.000000,7347,0.154000,846,1.000000,4.922995,1.000000,1.398345,0.105673,0.311243,0.384026,0,9,37,0,0,0,73,210,217,114,186,0,0,154,0,0
1,120.000000,10,0.151000,849,1.000000,5.273174,1.000000,1.455830,0.108927,0.308346,0.383686,0,10,39,0,0,0,88,195,217,103,197,0,0,151,0,0
1,120.000000,8569,0.151000,849,1.000000,4.809214,1.000000,1.479388,0.103297,0.307722,0.379232,0,11,38,0,0,0,63,202,235,130,170,0,0,151,0,0
1,120.000000,7347,0.154000,846,1.000000,4.922995,1.000000,1.397163,0.105673,0.311243,0.384026,0,9,37,0,0,0,73,210,217,114,186,0,0,154,0,0
1,130.000000,10,0.151000,849,1.000000,5.273174,1.000000,1.462898,0.108927,0.308346,0.383686,0,10,39,0,0,0,88,195,217,103,197,0,0,151,0,0
1,130.000000,8569,0.151000,849,1.000000,4.809214,1.000000,1.486455,0.103297,0.307722,0.379232,0,11,38,0,0,0,63,202,235,130,170,0,0,151,0,0
1,130.000000,7347,0.154000,846,1.000000,4.922995,1.000000,1.437352,0.105673,0.311243,0.384026,0,9,37,0,0,0,73,210,217,114,186,0,0,154,0,0
1,140.000000,10,0.151000,849,1.000000,5.273174,1.000000,1.499411,0.108927,0.308346,0.383686,0,10,39,0,0,0,88,195,217,103,197,0,0,151,0,0
1,140.000000,8569,0.151000,849,1.000000,4.809214,1.000000,1.530035,0.103297,0.307722,0.379232,0,11,38,0,0,0,63,202,235,130,170,0,0,151,0,0
1,140.000000,7347,0.154000,846,1.000000,4.922995,1.000000,1.463357,0.105673,0.311243,0.384026,0,9,37,0,0,0,73,210,217,114,186,0,0,154,0,0
1,150.000000,10,0.151000,849,1.000000,5.273174,1.000000,1.521790,0.108927,0.308346,0.383686,0,10,39,0,0,0,88,195,217,103,197,0,0,151,0,0
1,150.000000,8569,0.151000,849,1.000000,4.809214,1.000000,1.570082,0.103297,0.307722,0.379232,0,11,38,0,0,0,63,202,235,130,170,0,0,151,0,0
1,150.000000,7347,0.154000,846,1.000000,4.922995,1.000000,1.485816,0.105673,0.311243,0.384026,0,9,37,0,0,0,73,210,217,114,186,0,0,154,0,0
1,160.000000,10,0.151000,849,1.000000,5.273174,1.000000,1.502945,0.108927,0.308346,0.383686,0,10,39,0,0,0,88,195,217,103,197,0,0,151,0,0
1,160.000000,8569,0.151000,849,1.000000,4.809214,1.000000,1.567727,0.103297,0.307722,0.379232,0,11,38,0,0,0,63,202,235,130,170,0,0,151,0,0
1,160.000000,7347,0.154000,846,1.000000,4.922995,1.000000,1.511820,0.105673,0.311243,0.384026,0,9,37,0,0,0,73,210,217,114,186,0,0,154,0,0
1,170.000000,10,0.151000,849,1.000000,5.273174,1.000000,1.611307,0.108927,0.308346,0.383686,0,10,39,0,0,0,88,195,217,103,197,0,0,151,0,0
1,170.000000,8569,0.151000,849,1.000000,4.809214,1.000000,1.580683,0.103297,0.307722,0.379232,0,11,38,0,0,0,63,202,235,130,170,0,0,151,0,0
1,170.000000,7347,0.154000,846,1.000000,4.922995,1.000000,1.542553,0.105673,0.311243,0.384026,0,9,37,0,0,0,73,210,217,114,186,0,0,154,0,0
1,180.000000,10,0.151000,849,1.000000,5.273174,1.000000,1.597173,0.108927,0.308346,0.383686,0,10,39,0,0,0,88,195,217,103,197,0,0,151,0,0
1,180.000000,8569,0.151000,849,1.000000,4.809214,1.000000,1.588928,0.103297,0.307722,0.379232,0,11,38,0,0,0,63,202,235,130,170,0,0,151,0,0
1,180.000000,7347,0.154000,846,1.000000,4.922995,1.000000,1.535461,0.105673,0.311243,0.384026,0,9,37,0,0,0,73,210,217,114,186,0,0,154,0,0
1,190.000000,10,0.151000,849,1.000000,5.273174,1.000000,1.561837,0.108927,0.308346,0.383686,0,10,39,0,0,0,88,195,217,103,197,0,0,151,0,0
1,190.000000,8569,0.151000,849,1.000000,4.809214,1.000000,1.636042,0.103297,0.307722,0.379232,0,11,38,0,0,0,63,202,235,130,170,0,0,151,0,0
1,190.000000,7347,0.154000,846,1.000000,4.922995,1.000000,1.556738,0.105673,0.311243,0.384026,0,9,37,0,0,0,73,210,217,114,186,0,0,154,0,0
1,200.000000,10,0.151000,849,1.000000,5.273174,1.000000,1.613663,0.108927,0.308346,0.383686,0,10,39,0,0,0,88,195,217,103,197,0,0,151,0,0
1,200.000000,8569,0.151000,849,1.000000,4.809214,1.000000,1.623086,0.103297,0.307722,0.379232,0,11,38,0,0,0,63,202,235,130,170,0,0,151,0,0
1,200.000000,7347,0.154000,846,1.000000,4.922995,1.000000,1.560284,0.105673,0.311243,0.384026,0,9,37,0,0,0,73,210,217,114,186,0,0,154,0,0
1,210.000000,10,0.154000,846,1.000000,5.258472,1.000000,1.640662,0.109285,0.308523,0.384091,0,10,39,0,0,0,88,194,215,103,197,0,0,151,3,0
1,210.000000,8569,0.151000,849,1.000000,4.809214,1.000000,1.671378,0.103297,0.307722,0.379232,0,11,38,0,0,0,63,202,235,130,170,0,0,151,0,0
1,210.000000,7347,0.154000,846,1.000000,4.922995,1.000000,1.628842,0.105673,0.311243,0.384026,0,9,37,0,0,0,73,210,217,114,186,0,0,154,0,0
1,220.000000,10,0.152000,848,1.000000,5.270101,1.000000,1.665094,0.109046,0.308448,0.383859,0,10,39,0,0,0,88,195,216,103,197,0,0,151,1,0
1,220.000000,8569,0.151000,849,1.000000,4.809214,1.000000,1.706714,0.103297,0.307722,0.379232,0,11,38,0,0,0,63,202,235,130,170,0,0,151,0,0
1,220.000000,7347,0.154000,846,1.000000,4.922995,1.000000,1.620567,0.105673,0.311243,0.384026,0,9,37,0,0,0,73,210,217,114,186,0,0,154,0,0
1,230.000000,10,0.157000,843,1.000000,5.266478,1.000000,1.682088,0.109475,0.308583,0.384276,0,10,39,0,0,0,88,194,213,103,196,0,0,151,5,1
1,230.000000,8569,0.151000,849,1.000000,4.809214,1.000000,1.693757,0.103297,0.307722,0.379232,0,11,38,0,0,0,63,202,235,130,170,0,0,151,0,0
1,230.000000,7347,0.154000,846,1.000000,4.922995,1.000000,1.653664,0.105673,0.311243,0.384026,0,9,37,0,0,0,73,210,217,114,186,0,0,154,0,0
1,240.000000,10,0.158000,842,1.000000,5.267219,1.000000,1.687648,0.109766,0.309067,0.384908,0,10,39,0,0,0,88,195,210,103,197,0,0,151,7,0
1,240.000000,8569,0.151000,849,1.000000,4.809214,1.000000,1.681979,0.103297,0.307722,0.379232,0,11,38,0,0,0,63,202,235,130,170,0,0,151,0,0
1,240.000000,7347,0.156000,844,1.000000,4.927429,1.000000,1.659953,0.105909,0.311457,0.384379,0,9,37,0,0,0,73,210,215,114,186,0,0,154,2,0
1,250.000000,10,0.159000,841,1.000000,5.241787,1.000000,1.709869,0.109887,0.309039,0.384967,0,10,39,0,0,0,88,194,210,103,197,0,0,151,8,0
1,250.000000,8569,0.151000,849,1.000000,4.809214,1.000000,1.660777,0.103297,0.307722,0.379232,0,11,38,0,0,0,63,202,235,130,170,0,0,151,0,0
1,250.000000,7347,0.156000,844,1.000000,4.927429,1.000000,1.686019,0.105909,0.311457,0.384379,0,9,37,0,0,0,73,210,215,114,186,0,0,154,2,0
1,260.000000,10,0.162000,838,1.000000,5.262797,1.000000,1.694511,0.110618,0.309929,0.386264,0,10,38,0,0,0,88,193,209,103,197,0,0,152,10,0
1,260.000000,8569,0.155000,845,1.000000,4.807496,1.000000,1.766864,0.103753,0.308133,0.379916,0,11,38,0,0,0,63,202,231,130,170,0,0,151,4,0
1,260.000000,7347,0.156000,844,1.000000,4.927429,1.000000,1.680095,0.105909,0.311457,0.384379,0,9,37,0,0,0,73,210,215,114,186,0,0,154,2,0
1,270.000000,10,0.161000,839,1.000000,5.275738,1.000000,1.662694,0.110130,0.309247,0.385319,0,10,39,0,0,0,88,194,208,103,197,0,0,151,10,0
1,270.000000,8569,0.153000,847,1.000000,4.812932,1.000000,1.721370,0.103524,0.307927,0.379573,0,11,38,0,0,0,63,202,233,130,170,0,0,151,2,0
1,270.000000,7347,0.156000,844,1.000000,4.927429,1.000000,1.669431,0.105909,0.311457,0.384379,0,9,37,0,0,0,73,210,215,114,186,0,0,154,2,0
1,280.000000,10,0.162000,838,1.000000,5.255461,1.000000,1.736277,0.110251,0.309219,0.385379,0,10,39,0,0,0,88,193,208,103,197,0,0,151,11,0
1,280.000000,8569,0.156000,844,1.000000,4.810421,1.000000,1.811611,0.103867,0.308236,0.380088,0,11,38,0,0,0,63,202,230,130,170,0,0,151,5,0
1,280.000000,7347,0.157000,843,1.000000,4.895441,1.000000,1.682088,0.106027,0.311564,0.384556,0,9,37,0,0,0,73,210,214,114,186,0,0,154,3,0
1,290.000000,10,0.165000,835,1.000000,5.267198,1.000000,1.774850,0.110618,0.309665,0.386029,0,10,39,0,0,0,88,194,204,103,197,0,0,151,14,0
1,290.000000,8569,0.158000,842,1.000000,4.811436,1.000000,1.794537,0.104097,0.308443,0.380433,0,11,38,0,0,0,63,202,228,130,170,0,0,151,7,0
1,290.000000,7347,0.160000,840,1.000000,4.895160,1.000000,1.705952,0.106383,0.311621,0.384853,0,9,37,0,0,0,73,208,213,114,186,0,0,154,6,0
1,300.000000,10,0.166000,834,1.000000,5.253519,1.000000,1.775779,0.110741,0.309638,0.386089,0,10,39,0,0,0,88,193,204,103,197,0,0,151,15,0
1,300.000000,8569,0.159000,841,1.000000,4.787044,1.000000,1.825208,0.104213,0.308547,0.380606,0,11,38,0,0,0,63,202,227,130,170,0,0,151,8,0
1,300.000000,7347,0.163000,837,1.000000,4.904987,1.000000,1.696535,0.106742,0.311944,0.385388,0,9,37,0,0,0,73,208,210,114,186,0,0,154,9,0
1,310.000000,10,0.168000,832,1.000000,5.236626,1.000000,1.723558,0.110987,0.309848,0.386447,0,10,39,0,0,0,88,193,202,103,197,0,0,151,17,0
1,310.000000,8569,0.159000,841,1.000000,4.812183,1.000000,1.822830,0.104213,0.308415,0.380487,0,11,38,0,0,0,63,201,228,130,170,0,0,151,8,0
1,310.000000,7347,0.165000,835,1.000000,4.903152,1.000000,1.738922,0.106982,0.311761,0.385390,0,9,37,0,0,0,73,205,211,114,186,0,0,154,11,0
1,320.000000,10,0.171000,829,1.000000,5.240551,1.000000,1.744270,0.111359,0.310033,0.386867,0,10,39,0,0,0,88,192,200,103,197,0,0,151,20,0
1,320.000000,8569,0.164000,836,1.000000,4.819331,1.000000,1.877990,0.104794,0.308804,0.381237,0,11,38,0,0,0,63,200,224,130,170,0,0,151,13,0
1,320.000000,7347,0.165000,835,1.000000,4.908460,1.000000,1.786826,0.106982,0.311895,0.385509,0,9,37,0,0,0,73,206,210,114,186,0,0,154,11,0
1,330.000000,10,0.173000,827,1.000000,5.271972,1.000000,1.788392,0.111608,0.310245,0.387227,0,10,39,0,0,0,88,192,198,103,197,0,0,151,22,0
1,330.000000,8569,0.165000,835,1.000000,4.791745,1.000000,1.891018,0.104741,0.308523,0.380949,0,11,38,0,0,0,63,199,225,130,169,0,0,151,13,1
1,330.000000,7347,0.163000,837,1.000000,4.888443,1.000000,1.827957,0.106742,0.311944,0.385388,0,9,37,0,0,0,73,208,210,114,186,0,0,154,9,0
1,340.000000,10,0.174000,826,1.000000,5.263308,1.000000,1.779661,0.111559,0.310098,0.387063,0,10,39,0,0,0,88,192,198,103,196,0,0,151,22,1
1,340.000000,8569,0.162000,838,1.000000,4.823569,1.000000,1.961814,0.104561,0.308727,0.381007,0,11,38,0,0,0,63,201,225,130,170,0,0,151,11,0
1,340.000000,7347,0.164000,836,1.000000,4.905982,1.000000,1.818182,0.107223,0.312645,0.386346,0,9,36,0,0,0,73,207,211,114,186,0,0,155,9,0
1,350.000000,10,0.177000,823,1.000000,5.256063,1.000000,1.793439,0.111410,0.309256,0.386212,0,10,39,0,0,0,88,189,201,103,193,0,0,151,22,4
1,350.000000,8569,0.164000,836,1.000000,4.818828,1.000000,1.921053,0.104794,0.308804,0.381237,0,11,38,0,0,0,63,200,224,130,170,0,0,151,13,0
1,350.000000,7347,0.168000,832,1.000000,4.880447,1.000000,1.902644,0.107345,0.312087,0.385931,0,9,37,0,0,0,73,205,208,114,186,0,0,154,14,0
1,360.000000,10,0.176000,824,1.000000,5.255255,1.000000,1.854369,0.111984,0.310432,0.387652,0,10,39,0,0,0,88,191,196,103,197,0,0,151,25,0
1,360.000000,8569,0.163000,837,1.000000,4.816341,1.000000,2.005974,0.104677,0.308965,0.381301,0,11,38,0,0,0,63,202,223,130,170,0,0,151,12,0
1,360.000000,7347,0.168000,832,1.000000,4.880865,1.000000,1.949519,0.107345,0.311953,0.385811,0,9,37,0,0,0,73,204,209,114,186,0,0,154,14,0
1,370.000000,10,0.175000,825,1.000000,5.260462,1.000000,1.819394,0.111509,0.309952,0.386899,0,10,39,0,0,0,88,192,198,103,195,0,0,151,22,2
1,370.000000,8569,0.163000,837,1.000000,4.788432,1.000000,1.948626,0.104677,0.308965,0.381301,0,11,38,0,0,0,63,202,223,130,170,0,0,151,12,0
1,370.000000,7347,0.167000,833,1.000000,4.862445,1.000000,1.911164,0.107223,0.311845,0.385631,0,9,37,0,0,0,73,204,210,114,186,0,0,154,13,0
1,380.000000,10,0.182000,818,1.000000,5.275006,1.000000,1.792176,0.112773,0.311293,0.388960,0,10,38,0,0,0,88,191,193,103,195,0,0,152,28,2
1,380.000000,8569,0.166000,834,1.000000,4.795381,1.000000,1.998801,0.105028,0.309014,0.381587,0,11,38,0,0,0,63,200,222,130,170,0,0,151,15,0
1,380.000000,7347,0.167000,833,1.000000,4.863077,1.000000,1.895558,0.107223,0.311845,0.385631,0,9,37,0,0,0,73,204,210,114,186,0,0,154,13,0
1,390.000000,10,0.180000,820,1.000000,5.211177,1.000000,1.868293,0.112871,0.311319,0.389051,0,10,38,0,0,0,88,189,195,103,197,0,0,152,28,0
1,390.000000,8569,0.164000,836,1.000000,4.801218,1.000000,1.997608,0.104794,0.308804,0.381237,0,11,38,0,0,0,63,200,224,130,170,0,0,151,13,0
1,390.000000,7347,0.167000,833,1.000000,4.862445,1.000000,1.955582,0.107223,0.311845,0.385631,0,9,37,0,0,0,73,204,210,114,186,0,0,154,13,0
1,400.000000,10,0.183000,817,1.000000,5.235126,1.000000,1.867809,0.111840,0.310002,0.387171,0,10,39,0,0,0,87,189,195,103,194,0,0,151,29,3
1,400.000000,8569,0.166000,834,1.000000,4.817301,1.000000,2.028777,0.104858,0.308761,0.381243,0,11,38,0,0,0,63,200,223,130,169,0,0,151,14,1
1,400.000000,7347,0.169000,831,1.000000,4.880125,1.000000,2.002407,0.107466,0.312062,0.385992,0,9,37,0,0,0,73,204,208,114,186,0,0,154,15,0
1,410.000000,10,0.181000,819,1.000000,5.233252,1.000000,1.892552,0.111587,0.310056,0.387045,0,10,39,0,0,0,87,191,195,103,194,0,0,151,27,3
1,410.000000,8569,0.167000,833,1.000000,4.805402,1.000000,2.094838,0.105145,0.309386,0.382001,0,11,38,0,0,0,63,202,219,130,170,0,0,151,16,0
1,410.000000,7347,0.172000,828,1.000000,4.900773,1.000000,2.016908,0.108200,0.313258,0.387564,0,9,36,0,0,0,73,205,205,114,186,0,0,155,17,0
1,420.000000,10,0.185000,815,1.000000,5.221189,1.000000,1.941104,0.112596,0.310634,0.388254,0,10,39,0,0,0,88,191,190,103,194,0,0,151,31,3
1,420.000000,8569,0.171000,829,1.000000,4.783525,1.000000,2.127865,0.105446,0.309556,0.382361,0,11,38,0,0,0,63,202,216,130,169,0,0,151,19,1
1,420.000000,7347,0.176000,824,1.000000,4.872171,1.000000,2.057039,0.108696,0.313433,0.388060,0,9,36,0,0,0,73,203,203,114,186,0,0,155,21,0
1,430.000000,10,0.186000,814,1.000000,5.236557,1.000000,2.022113,0.112723,0.310338,0.388079,0,10,39,0,0,0,88,188,192,103,194,0,0,151,32,3
1,430.000000,8569,0.168000,832,1.000000,4.798299,1.000000,2.140625,0.105092,0.308971,0.381593,0,11,38,0,0,0,63,200,221,130,169,0,0,151,16,1
1,430.000000,7347,0.173000,827,1.000000,4.896728,1.000000,2.068924,0.108324,0.313234,0.387627,0,9,36,0,0,0,73,204,205,114,186,0,0,155,18,0
1,440.000000,10,0.187000,813,1.000000,5.252155,1.000000,1.990160,0.112851,0.310581,0.388383,0,10,39,0,0,0,88,189,190,103,194,0,0,151,33,3
1,440.000000,8569,0.173000,827,1.000000,4.801572,1.000000,2.119710,0.105684,0.309501,0.382475,0,11,38,0,0,0,63,200,216,130,169,0,0,151,21,1
1,440.000000,7347,0.174000,826,1.000000,4.862176,1.000000,2.083535,0.108447,0.313749,0.388171,0,9,36,0,0,0,73,207,201,114,186,0,0,155,19,0
1,450.000000,10,0.194000,806,1.000000,5.248699,1.000000,1.991315,0.113217,0.310297,0.388384,0,10,39,0,0,0,88,187,188,103,191,0,0,151,37,6
1,450.000000,8569,0.176000,824,1.000000,4.791226,1.000000,2.123786,0.106215,0.309942,0.383236,0,11,38,0,0,0,63,199,213,130,170,0,0,151,25,0
1,450.000000,7347,0.173000,827,1.000000,4.869851,1.000000,2.170496,0.108324,0.313503,0.387867,0,9,36,0,0,0,73,206,203,114,186,0,0,155,18,0
1,460.000000,10,0.191000,809,1.000000,5.239760,1.000000,2.033375,0.113187,0.310893,0.388891,0,10,39,0,0,0,88,190,186,103,193,0,0,151,36,4
1,460.000000,8569,0.171000,829,1.000000,4.757496,1.000000,2.148372,0.105618,0.309676,0.382587,0,11,38,0,0,0,63,201,216,130,170,0,0,151,20,0
1,460.000000,7347,0.178000,822,1.000000,4.868157,1.000000,2.159367,0.108945,0.313926,0.388670,0,9,36,0,0,0,73,205,199,114,186,0,0,155,23,0
1,470.000000,10,0.191000,809,1.000000,5.234109,1.000000,2.084054,0.113544,0.310867,0.389114,0,10,39,0,0,0,88,186,188,103,195,0,0,151,38,2
1,470.000000,8569,0.175000,825,1.000000,4.770355,1.000000,2.214545,0.106095,0.309834,0.383057,0,11,38,0,0,0,63,199,214,130,170,0,0,151,24,0
1,470.000000,7347,0.178000,822,1.000000,4.891645,1.000000,2.205596,0.108945,0.313926,0.388670,0,9,36,0,0,0,73,205,199,114,186,0,0,155,23,0
1,480.000000,10,0.191000,809,1.000000,5.244095,1.000000,2.100124,0.113009,0.310365,0.388300,0,10,39,0,0,0,88,188,189,103,192,0,0,151,35,5
1,480.000000,8569,0.174000,826,1.000000,4.755182,1.000000,2.203390,0.105379,0.309144,0.381946,0,11,38,0,0,0,63,199,217,129,169,0,0,151,21,2
1,480.000000,7347,0.174000,826,1.000000,4.890495,1.000000,2.285714,0.108447,0.313749,0.388171,0,9,36,0,0,0,73,207,201,114,186,0,0,155,19,0
1,490.000000,10,0.196000,804,1.000000,5.235361,1.000000,2.097015,0.113656,0.310501,0.388867,0,10,39,0,0,0,88,185,187,103,192,0,0,151,40,5
1,490.000000,8569,0.175000,825,1.000000,4.740959,1.000000,2.247273,0.105498,0.309385,0.382243,0,11,38,0,0,0,63,200,215,129,169,0,0,151,22,2
1,490.000000,7347,0.175000,825,1.000000,4.868513,1.000000,2.270303,0.108571,0.313725,0.388235,0,9,36,0,0,0,73,206,201,114,186,0,0,155,20,0
1,500.000000,10,0.199000,801,1.000000,5.236995,1.000000,2.209738,0.114442,0.312116,0.390839,0,10,39,0,0,0,87,186,179,103,197,0,0,151,48,0
1,500.000000,8569,0.174000,826,1.000000,4.749119,1.000000,2.207022,0.105551,0.309399,0.382292,0,11,38,0,0,0,63,199,216,129,170,0,0,151,22,1
1,500.000000,7347,0.175000,825,1.000000,4.840199,1.000000,2.233939,0.108571,0.313725,0.388235,0,9,36,0,0,0,73,206,201,114,186,0,0,155,20,0
2,20.000000,10,0.151000,849,1.000000,5.273174,1.000000,1.153121,0.108927,0.308346,0.383686,0,10,39,0,0,0,88,195,217,103,197,0,0,151,0,0
2,20.000000,8569,0.151000,849,1.000000,4.809214,1.000000,1.177856,0.103297,0.307722,0.379232,0,11,38,0,0,0,63,202,235,130,170,0,0,151,0,0
2,20.000000,7347,0.154000,846,1.000000,4.922995,1.000000,1.164303,0.105673,0.311243,0.384026,0,9,37,0,0,0,73,210,217,114,186,0,0,154,0,0
2,40.000000,10,0.151000,849,1.000000,5.273174,1.000000,1.239105,0.108927,0.308346,0.383686,0,10,39,0,0,0,88,195,217,103,197,0,0,151,0,0
2,40.000000,8569,0.151000,849,1.000000,4.809214,1.000000,1.222615,0.103297,0.307722,0.379232,0,11,38,0,0,0,63,202,235,130,170,0,0,151,0,0
2,40.000000,7347,0.154000,846,1.000000,4.922995,1.000000,1.221040,0.105673,0.311243,0.384026,0,9,37,0,0,0,73,210,217,114,186,0,0,154,0,0
2,60.000000,10,0.151000,849,1.000000,5.273174,1.000000,1.340400,0.108927,0.308346,0.383686,0,10,39,0,0,0,88,195,217,103,197,0,0,151,0,0
2,60.000000,8569,0.151000,849,1.000000,4.809214,1.000000,1.335689,0.103297,0.307722,0.379232,0,11,38,0,0,0,63,202,235,130,170,0,0,151,0,0
2,60.000000,7347,0.154000,846,1.000000,4.922995,1.000000,1.301418,0.105673,0.311243,0.384026,0,9,37,0,0,0,73,210,217,114,186,0,0,154,0,0
2,80.000000,10,0.151000,849,1.000000,5.273174,1.000000,1.383981,0.108927,0.308346,0.383686,0,10,39,0,0,0,88,195,217,103,197,0,0,151,0,0
2,80.000000,8569,0.151000,849,1.000000,4.809214,1.000000,1.354535,0.103297,0.307722,0.379232,0,11,38,0,0,0,63,202,235,130,170,0,0,151,0,0
2,80.000000,7347,0.154000,846,1.000000,4.922995,1.000000,1.358156,0.105673,0.311243,0.384026,0,9,37,0,0,0,73,210,217,114,186,0,0,154,0,0
2,100.000000,10,0.151000,849,1.000000,5.273174,1.000000,1.395760,0.108927,0.308346,0.383686,0,10,39,0,0,0,88,195,217,103,197,0,0,151,0,0
2,100.000000,8569,0.151000,849,1.000000,4.809214,1.000000,1.422850,0.103297,0.307722,0.379232,0,11,38,0,0,0,63,202,235,130,170,0,0,151,0,0
2,100.000000,7347,0.154000,846,1.000000,4.922995,1.000000,1.400709,0.105673,0.311243,0.384026,0,9,37,0,0,0,73,210,217,114,186,0,0,154,0,0
2,120.000000,10,0.151000,849,1.000000,5.273174,1.000000,1.455830,0.108927,0.308346,0.383686,0,10,39,0,0,0,88,195,217,103,197,0,0,151,0,0
2,120.000000,8569,0.151000,849,1.000000,4.809214,1.000000,1.479388,0.103297,0.307722,0.379232,0,11,38,0,0,0,63,202,235,130,170,0,0,151,0,0
2,120.000000,7347,0.154000,846,1.000000,4.922995,1.000000,1.397163,0.105673,0.311243,0.384026,0,9,37,0,0,0,73,210,217,114,186,0,0,154,0,0
2,140.000000,10,0.151000,849,1.000000,5.273174,1.000000,1.499411,0.108927,0.308346,0.383686,0,10,39,0,0,0,88,195,217,103,197,0,0,151,0,0
2,140.000000,8569,0.151000,849,1.000000,4.809214,1.000000,1.530035,0.103297,0.307722,0.379232,0,11,38,0,0,0,63,202,235,130,170,0,0,151,0,0
2,140.000000,7347,0.154000,846,1.000000,4.922995,1.000000,1.463357,0.105673,0.311243,0.384026,0,9,37,0,0,0,73,210,217,114,186,0,0,154,0,0
2,160.000000,10,0.151000,849,1.000000,5.273174,1.000000,1.502945,0.108927,0.308346,0.383686,0,10,39,0,0,0,88,195,217,103,197,0,0,151,0,0
2,160.000000,8569,0.151000,849,1.000000,4.809214,1.000000,1.567727,0.103297,0.307722,0.379232,0,11,38,0,0,0,63,202,235,130,170,0,0,151,0,0
2,160.000000,7347,0.154000,846,1.000000,4.922995,1.000000,1.511820,0.105673,0.311243,0.384026,0,9,37,0,0,0,73,210,217,114,186,0,0,154,0,0
2,180.000000,10,0.151000,849,1.000000,5.273174,1.000000,1.597173,0.108927,0.308346,0.383686,0,10,39,0,0,0,88,195,217,103,197,0,0,151,0,0
2,180.000000,8569,0.151000,849,1.000000,4.809214,1.000000,1.588928,0.103297,0.307722,0.379232,0,11,38,0,0,0,63,202,235,130,170,0,0,151,0,0
2,180.000000,7347,0.154000,846,1.000000,4.922995,1.000000,1.535461,0.105673,0.311243,0.384026,0,9,37,0,0,0,73,210,217,114,186,0,0,154,0,0
2,200.000000,10,0.151000,849,1.000000,5.273174,1.000000,1.613663,0.108927,0.308346,0.383686,0,10,39,0,0,0,88,195,217,103,197,0,0,151,0,0
2,200.000000,8569,0.151000,849,1.000000,4.809214,1.000000,1.623086,0.103297,0.307722,0.379232,0,11,38,0,0,0,63,202,235,130,170,0,0,151,0,0
2,200.000000,7347,0.154000,846,1.000000,4.922995,1.000000,1.560284,0.105673,0.311243,0.384026,0,9,37,0,0,0,73,210,217,114,186,0,0,154,0,0
2,220.000000,10,0.151000,849,1.000000,5.273174,1.000000,1.673734,0.108927,0.308346,0.383686,0,10,39,0,0,0,88,195,217,103,197,0,0,151,0,0
2,220.000000,8569,0.151000,849,1.000000,4.809214,1.000000,1.706714,0.103297,0.307722,0.379232,0,11,38,0,0,0,63,202,235,130,170,0,0,151,0,0
2,220.000000,7347,0.154000,846,1.000000,4.922995,1.000000,1.620567,0.105673,0.311243,0.384026,0,9,37,0,0,0,73,210,217,114,186,0,0,154,0,0
2,240.000000,10,0.151000,849,1.000000,5.273174,1.000000,1.698469,0.108927,0.308346,0.383686,0,10,39,0,0,0,88,195,217,103,197,0,0,151,0,0
2,240.000000,8569,0.151000,849,1.000000,4.809214,1.000000,1.681979,0.103297,0.307722,0.379232,0,11,38,0,0,0,63,202,235,130,170,0,0,151,0,0
2,240.000000,7347,0.154000,846,1.000000,4.922995,1.000000,1.661939,0.105673,0.311243,0.384026,0,9,37,0,0,0,73,210,217,114,186,0,0,154,0,0
2,260.000000,10,0.151000,849,1.000000,5.273174,1.000000,1.713781,0.108927,0.308346,0.383686,0,10,39,0,0,0,88,195,217,103,197,0,0,151,0,0
2,260.000000,8569,0.151000,849,1.000000,4.809214,1.000000,1.763251,0.103297,0.307722,0.379232,0,11,38,0,0,0,63,202,235,130,170,0,0,151,0,0
2,260.000000,7347,0.154000,846,1.000000,4.922995,1.000000,1.680851,0.105673,0.311243,0.384026,0,9,37,0,0,0,73,210,217,114,186,0,0,154,0,0
2,280.000000,10,0.151000,849,1.000000,5.273174,1.000000,1.752650,0.108927,0.308346,0.383686,0,10,39,0,0,0,88,195,217,103,197,0,0,151,0,0
2,280.000000,8569,0.151000,849,1.000000,4.809214,1.000000,1.808009,0.103297,0.307722,0.379232,0,11,38,0,0,0,63,202,235,130,170,0,0,151,0,0
2,280.000000,7347,0.154000,846,1.000000,4.922995,1.000000,1.684397,0.105673,0.311243,0.384026,0,9,37,0,0,0,73,210,217,114,186,0,0,154,0,0
2,300.000000,10,0.151000,849,1.000000,5.273174,1.000000,1.795053,0.108927,0.308346,0.383686,0,10,39,0,0,0,88,195,217,103,197,0,0,151,0,0
2,300.000000,8569,0.151000,849,1.000000,4.809214,1.000000,1.823322,0.103297,0.307722,0.379232,0,11,38,0,0,0,63,202,235,130,170,0,0,151,0,0
2,300.000000,7347,0.154000,846,1.000000,4.922995,1.000000,1.705674,0.105673,0.311243,0.384026,0,9,37,0,0,0,73,210,217,114,186,0,0,154,0,0
2,320.000000,10,0.151000,849,1.000000,5.273174,1.000000,1.772674,0.108927,0.308346,0.383686,0,10,39,0,0,0,88,195,217,103,197,0,0,151,0,0
2,320.000000,8569,0.151000,849,1.000000,4.809214,1.000000,1.866902,0.103297,0.307722,0.379232,0,11,38,0,0,0,63,202,235,130,170,0,0,151,0,0
2,320.000000,7347,0.154000,846,1.000000,4.922995,1.000000,1.797872,0.105673,0.311243,0.384026,0,9,37,0,0,0,73,210,217,114,186,0,0,154,0,0
2,340.000000,10,0.151000,849,1.000000,5.273174,1.000000,1.800942,0.108927,0.308346,0.383686,0,10,39,0,0,0,88,195,217,103,197,0,0,151,0,0
2,340.000000,8569,0.151000,849,1.000000,4.809214,1.000000,1.950530,0.103297,0.307722,0.379232,0,11,38,0,0,0,63,202,235,130,170,0,0,151,0,0
2,340.000000,7347,0.154000,846,1.000000,4.922995,1.000000,1.825059,0.105673,0.311243,0.384026,0,9,37,0,0,0,73,210,217,114,186,0,0,154,0,0
2,360.000000,10,0.151000,849,1.000000,5.273174,1.000000,1.878681,0.108927,0.308346,0.383686,0,10,39,0,0,0,88,195,217,103,197,0,0,151,0,0
2,360.000000,8569,0.151000,849,1.000000,4.809214,1.000000,1.992933,0.103297,0.307722,0.379232,0,11,38,0,0,0,63,202,235,130,170,0,0,151,0,0
2,360.000000,7347,0.154000,846,1.000000,4.922995,1.000000,1.963357,0.105673,0.311243,0.384026,0,9,37,0,0,0,73,210,217,114,186,0,0,154,0,0
2,380.000000,10,0.151000,849,1.000000,5.273174,1.000000,1.829211,0.108927,0.308346,0.383686,0,10,39,0,0,0,88,195,217,103,197,0,0,151,0,0
2,380.000000,8569,0.151000,849,1.000000,4.809214,1.000000,1.989399,0.103297,0.307722,0.379232,0,11,38,0,0,0,63,202,235,130,170,0,0,151,0,0
2,380.000000,7347,0.154000,846,1.000000,4.922995,1.000000,1.917258,0.105673,0.311243,0.384026,0,9,37,0,0,0,73,210,217,114,186,0,0,154,0,0
2,400.000000,10,0.151000,849,1.000000,5.273174,1.000000,1.954064,0.108927,0.308346,0.383686,0,10,39,0,0,0,88,195,217,103,197,0,0,151,0,0
2,400.000000,8569,0.151000,849,1.000000,4.809214,1.000000,2.012956,0.103297,0.307722,0.379232,0,11,38,0,0,0,63,202,235,130,170,0,0,151,0,0
2,400.000000,7347,0.154000,846,1.000000,4.922995,1.000000,2.017730,0.105673,0.311243,0.384026,0,9,37,0,0,0,73,210,217,114,186,0,0,154,0,0
2,420.000000,10,0.151000,849,1.000000,5.273174,1.000000,2.011779,0.108927,0.308346,0.383686,0,10,39,0,0,0,88,195,217,103,197,0,0,151,0,0
2,420.000000,8569,0.151000,849,1.000000,4.809214,1.000000,2.106007,0.103297,0.307722,0.379232,0,11,38,0,0,0,63,202,235,130,170,0,0,151,0,0
2,420.000000,7347,0.154000,846,1.000000,4.922995,1.000000,2.096927,0.105673,0.311243,0.384026,0,9,37,0,0,0,73,210,217,114,186,0,0,154,0,0
2,440.000000,10,0.151000,849,1.000000,5.273174,1.000000,2.078916,0.108927,0.308346,0.383686,0,10,39,0,0,0,88,195,217,103,197,0,0,151,0,0
2,440.000000,8569,0.151000,849,1.000000,4.809214,1.000000,2.114252,0.103297,0.307722,0.379232,0,11,38,0,0,0,63,202,235,130,170,0,0,151,0,0
2,460.000000,10,0.151000,849,1.000000,5.273174,1.000000,2.114252,0.108927,0.308346,0.383686,0,10,39,0,0,0,88,195,217,103,197,0,0,151,0,0
2,440.000000,7347,0.154000,846,1.000000,4.922995,1.000000,2.088652,0.105673,0.311243,0.384026,0,9,37,0,0,0,73,210,217,114,186,0,0,154,0,0
2,460.000000,8569,0.151000,849,1.000000,4.809214,1.000000,2.141343,0.103297,0.307722,0.379232,0,11,38,0,0,0,63,202,235,130,170,0,0,151,0,0
2,460.000000,7347,0.154000,846,1.000000,4.922995,1.000000,2.195035,0.105673,0.311243,0.384026,0,9,37,0,0,0,73,210,217,114,186,0,0,154,0,0
2,480.000000,10,0.151000,849,1.000000,5.273174,1.000000,2.206125,0.108927,0.308346,0.383686,0,10,39,0,0,0,88,195,217,103,197,0,0,151,0,0
2,480.000000,8569,0.151000,849,1.000000,4.809214,1.000000,2.199058,0.103297,0.307722,0.379232,0,11,38,0,0,0,63,202,235,130,170,0,0,151,0,0
2,480.000000,7347,0.154000,846,1.000000,4.922995,1.000000,2.315603,0.105673,0.311243,0.384026,0,9,37,0,0,0,73,210,217,114,186,0,0,154,0,0
2,500.000000,10,0.153000,847,1.000000,5.273821,1.000000,2.255018,0.108828,0.308056,0.383359,0,10,39,0,0,0,88,195,217,103,195,0,0,151,0,2
2,500.000000,8569,0.151000,849,1.000000,4.809214,1.000000,2.214370,0.103297,0.307722,0.379232,0,11,38,0,0,0,63,202,235,130,170,0,0,151,0,0
2,500.000000,7347,0.154000,846,1.000000,4.922995,1.000000,2.264775,0.105673,0.311243,0.384026,0,9,37,0,0,0,73,210,217,114,186,0,0,154,0,0
2,520.000000,10,0.151000,849,1.000000,5.273174,1.000000,2.199058,0.108927,0.308346,0.383686,0,10,39,0,0,0,88,195,217,103,197,0,0,151,0,0
2,520.000000,8569,0.151000,849,1.000000,4.809214,1.000000,2.296820,0.103297,0.307722,0.379232,0,11,38,0,0,0,63,202,235,130,170,0,0,151,0,0
2,520.000000,7347,0.154000,846,1.000000,4.922995,1.000000,2.262411,0.105673,0.311243,0.384026,0,9,37,0,0,0,73,210,217,114,186,0,0,154,0,0
2,540.000000,10,0.152000,848,1.000000,5.273175,1.000000,2.146226,0.108877,0.308201,0.383522,0,10,39,0,0,0,88,195,217,103,196,0,0,151,0,1
2,540.000000,8569,0.151000,849,1.000000,4.809214,1.000000,2.287397,0.103297,0.307722,0.379232,0,11,38,0,0,0,63,202,235,130,170,0,0,151,0,0
2,540.000000,7347,0.154000,846,1.000000,4.922995,1.000000,2.367612,0.105673,0.311243,0.384026,0,9,37,0,0,0,73,210,217,114,186,0,0,154,0,0
2,560.000000,10,0.151000,849,1.000000,5.273174,1.000000,2.174323,0.108927,0.308346,0.383686,0,10,39,0,0,0,88,195,217,103,197,0,0,151,0,0
2,560.000000,8569,0.151000,849,1.000000,4.809214,1.000000,2.442874,0.103297,0.307722,0.379232,0,11,38,0,0,0,63,202,235,130,170,0,0,151,0,0
2,560.000000,7347,0.154000,846,1.000000,4.922995,1.000000,2.414894,0.105673,0.311243,0.384026,0,9,37,0,0,0,73,210,217,114,186,0,0,154,0,0
2,580.000000,10,0.151000,849,1.000000,5.273174,1.000000,2.149588,0.108927,0.308346,0.383686,0,10,39,0,0,0,88,195,217,103,197,0,0,151,0,0
2,580.000000,8569,0.152000,848,1.000000,4.808388,1.000000,2.362028,0.102997,0.307502,0.378827,0,11,38,0,0,0,63,202,235,129,170,0,0,151,0,1
2,580.000000,7347,0.154000,846,1.000000,4.922995,1.000000,2.457447,0.105673,0.311243,0.384026,0,9,37,0,0,0,73,210,217,114,186,0,0,154,0,0
2,600.000000,10,0.151000,849,1.000000,5.273174,1.000000,2.280330,0.108927,0.308346,0.383686,0,10,39,0,0,0,88,195,217,103,197,0,0,151,0,0
2,600.000000,8569,0.152000,848,1.000000,4.808388,1.000000,2.422170,0.102997,0.307502,0.378827,0,11,38,0,0,0,63,202,235,129,170,0,0,151,0,1
2,600.000000,7347,0.154000,846,1.000000,4.922995,1.000000,2.457447,0.105673,0.311243,0.384026,0,9,37,0,0,0,73,210,217,114,186,0,0,154,0,0
2,620.000000,10,0.151000,849,1.000000,5.273174,1.000000,2.371025,0.108927,0.308346,0.383686,0,10,39,0,0,0,88,195,217,103,197,0,0,151,0,0
2,620.000000,8569,0.152000,848,1.000000,4.808388,1.000000,2.463443,0.102997,0.307502,0.378827,0,11,38,0,0,0,63,202,235,129,170,0,0,151,0,1
2,620.000000,7347,0.154000,846,1.000000,4.922995,1.000000,2.534279,0.105673,0.311243,0.384026,0,9,37,0,0,0,73,210,217,114,186,0,0,154,0,0
2,640.000000,10,0.152000,848,1.000000,5.273175,1.000000,2.457547,0.108877,0.308201,0.383522,0,10,39,0,0,0,88,195,217,103,196,0,0,151,0,1
2,640.000000,8569,0.152000,848,1.000000,4.808388,1.000000,2.451651,0.102997,0.307502,0.378827,0,11,38,0,0,0,63,202,235,129,170,0,0,151,0,1
2,640.000000,7347,0.154000,846,1.000000,4.922995,1.000000,2.547281,0.105673,0.311243,0.384026,0,9,37,0,0,0,73,210,217,114,186,0,0,154,0,0
2,660.000000,10,0.152000,848,1.000000,5.270508,1.000000,2.457547,0.109046,0.308448,0.383859,0,10,39,0,0,0,88,195,216,103,197,0,0,151,1,0
2,660.000000,8569,0.153000,847,1.000000,4.795188,1.000000,2.474616,0.102944,0.307355,0.378659,0,11,38,0,0,0,63,202,235,129,169,0,0,151,0,2
2,660.000000,7347,0.154000,846,1.000000,4.922995,1.000000,2.595745,0.105673,0.311243,0.384026,0,9,37,0,0,0,73,210,217,114,186,0,0,154,0,0
2,680.000000,10,0.152000,848,1.000000,5.254978,1.000000,2.449292,0.109046,0.308448,0.383859,0,10,39,0,0,0,88,195,216,103,197,0,0,151,1,0
2,680.000000,8569,0.153000,847,1.000000,4.795188,1.000000,2.514758,0.102944,0.307355,0.378659,0,11,38,0,0,0,63,202,235,129,169,0,0,151,0,2
2,680.000000,7347,0.154000,846,1.000000,4.922995,1.000000,2.601655,0.105673,0.311243,0.384026,0,9,37,0,0,0,73,210,217,114,186,0,0,154,0,0
2,700.000000,10,0.151000,849,1.000000,5.273174,1.000000,2.480565,0.108927,0.308346,0.383686,0,10,39,0,0,0,88,195,217,103,197,0,0,151,0,0
2,700.000000,7347,0.154000,846,1.000000,4.922995,1.000000,2.652482,0.105673,0.311243,0.384026,0,9,37,0,0,0,73,210,217,114,186,0,0,154,0,0
2,700.000000,8569,0.154000,846,1.000000,4.784684,1.000000,2.488180,0.102643,0.307135,0.378253,0,11,38,0,0,0,63,202,235,128,169,0,0,151,0,3
2,720.000000,10,0.151000,849,1.000000,5.273174,1.000000,2.481743,0.108927,0.308346,0.383686,0,10,39,0,0,0,88,195,217,103,197,0,0,151,0,0
2,720.000000,8569,0.153000,847,1.000000,4.787717,1.000000,2.577332,0.102697,0.307282,0.378422,0,11,38,0,0,0,63,202,235,128,170,0,0,151,0,2
2,720.000000,7347,0.154000,846,1.000000,4.922995,1.000000,2.709220,0.105673,0.311243,0.384026,0,9,37,0,0,0,73,210,217,114,186,0,0,154,0,0
2,740.000000,10,0.151000,849,1.000000,5.273174,1.000000,2.511190,0.108927,0.308346,0.383686,0,10,39,0,0,0,88,195,217,103,197,0,0,151,0,0
2,740.000000,8569,0.152000,848,1.000000,4.808388,1.000000,2.576651,0.102997,0.307502,0.378827,0,11,38,0,0,0,63,202,235,129,170,0,0,151,0,1
2,740.000000,7347,0.154000,846,1.000000,4.922995,1.000000,2.711584,0.105673,0.311243,0.384026,0,9,37,0,0,0,73,210,217,114,186,0,0,154,0,0
2,760.000000,10,0.155000,845,1.000000,5.259391,1.000000,2.539645,0.108653,0.307809,0.383017,0,10,39,0,0,0,88,194,217,102,195,0,0,151,1,3
2,760.000000,8569,0.152000,848,1.000000,4.808388,1.000000,2.645047,0.102997,0.307502,0.378827,0,11,38,0,0,0,63,202,235,129,170,0,0,151,0,1
2,760.000000,7347,0.157000,843,1.000000,4.913163,1.000000,2.577699,0.106027,0.311167,0.384201,0,9,37,0,0,0,73,207,217,114,186,0,0,154,3,0
2,780.000000,10,0.154000,846,1.000000,5.270866,1.000000,2.542553,0.109116,0.308144,0.383636,0,10,39,0,0,0,88,193,217,103,196,0,0,151,2,1
2,780.000000,8569,0.155000,845,1.000000,4.793030,1.000000,2.685207,0.103004,0.307178,0.378541,0,11,38,0,0,0,63,201,235,129,168,0,0,151,1,3
2,780.000000,7347,0.154000,846,1.000000,4.922995,1.000000,2.617021,0.105673,0.311243,0.384026,0,9,37,0,0,0,73,210,217,114,186,0,0,154,0,0
2,800.000000,10,0.154000,846,1.000000,5.273125,1.000000,2.516548,0.109285,0.308261,0.383858,0,10,39,0,0,0,88,192,217,103,197,0,0,151,3,0
2,800.000000,8569,0.156000,844,1.000000,4.787885,1.000000,2.623223,0.102703,0.306957,0.378135,0,11,38,0,0,0,63,201,235,128,168,0,0,151,1,4
2,800.000000,7347,0.157000,843,1.000000,4.905001,1.000000,2.600237,0.106027,0.311167,0.384201,0,9,37,0,0,0,73,207,217,114,186,0,0,154,3,0
2,820.000000,10,0.154000,846,1.000000,5.273125,1.000000,2.521277,0.109285,0.308261,0.383858,0,10,39,0,0,0,88,192,217,103,197,0,0,151,3,0
2,820.000000,8569,0.153000,847,1.000000,4.804119,1.000000,2.665880,0.102944,0.307355,0.378659,0,11,38,0,0,0,63,202,235,129,169,0,0,151,0,2
2,820.000000,7347,0.158000,842,1.000000,4.902214,1.000000,2.602138,0.106145,0.311274,0.384379,0,9,37,0,0,0,73,207,216,114,186,0,0,154,4,0
2,840.000000,10,0.153000,847,1.000000,5.263791,1.000000,2.550177,0.109166,0.308420,0.383917,0,10,39,0,0,0,88,194,216,103,197,0,0,151,2,0
2,840.000000,7347,0.156000,844,1.000000,4.911154,1.000000,2.658768,0.105909,0.311192,0.384143,0,9,37,0,0,0,73,208,217,114,186,0,0,154,2,0
2,840.000000,8569,0.153000,847,1.000000,4.804119,1.000000,2.654073,0.102944,0.307355,0.378659,0,11,38,0,0,0,63,202,235,129,169,0,0,151,0,2
2,860.000000,10,0.155000,845,1.000000,5.266834,1.000000,2.405917,0.109405,0.308363,0.384032,0,10,39,0,0,0,88,192,216,103,197,0,0,151,4,0
2,860.000000,8569,0.152000,848,1.000000,4.810401,1.000000,2.693396,0.103244,0.307575,0.379064,0,11,38,0,0,0,63,202,235,130,169,0,0,151,0,1
2,860.000000,7347,0.155000,845,1.000000,4.916871,1.000000,2.719527,0.105791,0.311218,0.384084,0,9,37,0,0,0,73,209,217,114,186,0,0,154,1,0
2,880.000000,10,0.153000,847,1.000000,5.273630,1.000000,2.494687,0.109166,0.308289,0.383800,0,10,39,0,0,0,88,193,217,103,197,0,0,151,2,0
2,880.000000,8569,0.151000,849,1.000000,4.809214,1.000000,2.723204,0.103297,0.307722,0.379232,0,11,38,0,0,0,63,202,235,130,170,0,0,151,0,0
2,880.000000,7347,0.156000,844,1.000000,4.916075,1.000000,2.755924,0.105909,0.311192,0.384143,0,9,37,0,0,0,73,208,217,114,186,0,0,154,2,0
2,900.000000,10,0.154000,846,1.000000,5.270911,1.000000,2.430260,0.109285,0.308261,0.383858,0,10,39,0,0,0,88,192,217,103,197,0,0,151,3,0
2,900.000000,8569,0.155000,845,1.000000,4.788047,1.000000,2.627219,0.102342,0.306914,0.377846,0,11,38,0,0,0,63,202,235,127,169,0,0,151,0,4
2,900.000000,7347,0.158000,842,1.000000,4.898088,1.000000,2.579572,0.106145,0.311141,0.384260,0,9,37,0,0,0,73,206,217,114,186,0,0,154,4,0
2,920.000000,10,0.155000,845,1.000000,5.270909,1.000000,2.417751,0.109235,0.308115,0.383694,0,10,39,0,0,0,88,192,217,103,196,0,0,151,3,1
2,920.000000,8569,0.152000,848,1.000000,4.810401,1.000000,2.658019,0.103244,0.307575,0.379064,0,11,38,0,0,0,63,202,235,130,169,0,0,151,0,1
2,920.000000,7347,0.158000,842,1.000000,4.902975,1.000000,2.596200,0.105974,0.311021,0.384035,0,9,37,0,0,0,73,207,217,114,185,0,0,154,3,1
2,940.000000,10,0.155000,845,1.000000,5.270402,1.000000,2.468639,0.109405,0.308232,0.383915,0,10,39,0,0,0,88,191,217,103,197,0,0,151,4,0
2,940.000000,8569,0.151000,849,1.000000,4.809214,1.000000,2.745583,0.103297,0.307722,0.379232,0,11,38,0,0,0,63,202,235,130,170,0,0,151,0,0
2,940.000000,7347,0.160000,840,1.000000,4.868844,1.000000,2.626190,0.106212,0.311103,0.384271,0,9,37,0,0,0,73,206,216,114,185,0,0,154,5,1
2,960.000000,10,0.151000,849,1.000000,5.273174,1.000000,2.365135,0.108927,0.308346,0.383686,0,10,39,0,0,0,88,195,217,103,197,0,0,151,0,0
2,960.000000,8569,0.151000,849,1.000000,4.809214,1.000000,2.677267,0.103297,0.307722,0.379232,0,11,38,0,0,0,63,202,235,130,170,0,0,151,0,0
2,960.000000,7347,0.160000,840,1.000000,4.868687,1.000000,2.591667,0.106383,0.311223,0.384497,0,9,37,0,0,0,73,205,216,114,186,0,0,154,6,0
2,980.000000,10,0.151000,849,1.000000,5.273174,1.000000,2.359246,0.108927,0.308346,0.383686,0,10,39,0,0,0,88,195,217,103,197,0,0,151,0,0
2,980.000000,8569,0.153000,847,1.000000,4.799292,1.000000,2.626919,0.103110,0.307472,0.378879,0,11,38,0,0,0,63,201,235,129,170,0,0,151,1,1
2,980.000000,7347,0.161000,839,1.000000,4.868901,1.000000,2.575685,0.106502,0.311197,0.384556,0,9,37,0,0,0,73,204,216,114,186,0,0,154,7,0
2,1000.000000,10,0.154000,846,1.000000,5.267117,1.000000,2.262411,0.109285,0.308261,0.383858,0,10,39,0,0,0,88,192,217,103,197,0,0,151,3,0
2,1000.000000,8569,0.152000,848,1.000000,4.802939,1.000000,2.575472,0.102997,0.307502,0.378827,0,11,38,0,0,0,63,202,235,129,170,0,0,151,0,1
2,1000.000000,7347,0.161000,839,1.000000,4.868901,1.000000,2.506555,0.106502,0.311197,0.384556,0,9,37,0,0,0,73,204,216,114,186,0,0,154,7,0
