1 50.000000 44 0.150000 8500 1.000000 5.000175 1.000000 1.000000 0.102010 0.307131 0.377810 0 98 402 0 0 0 709 2067 2224 1108 1892 0 0 1500 0 0
1 50.000000 454 0.155800 8442 1.000000 4.957718 1.000000 1.000000 0.106651 0.311773 0.385173 0 87 355 0 0 0 754 2028 2218 1097 1903 0 0 1558 0 0
1 250.000000 454 0.175900 8241 1.000000 4.948387 1.000000 1.000000 0.110335 0.315909 0.391388 0 86 321 0 0 0 753 1985 2099 1097 1900 0 0 1593 163 3
1 250.000000 45 0.177000 8230 1.000000 4.974533 1.000000 1.000000 0.113607 0.314888 0.392721 0 76 353 0 0 0 809 1945 2048 1139 1860 0 0 1571 198 1
1 500.000000 50 0.180000 41 1.000000 5.878220 1.000000 1.000000 0.119497 0.340249 0.419087 0 1 0 0 0 0 4 12 9 5 10 0 0 9 0 0
1 500.000000 50 0.360000 32 1.000000 6.038406 1.000000 1.000000 0.136508 0.343750 0.433333 0 1 0 0 0 0 4 8 6 4 9 0 0 9 7 2
1 500.000000 50 0.360000 32 1.000000 6.038406 1.000000 1.000000 0.136508 0.343750 0.433333 0 1 0 0 0 0 4 8 6 4 9 0 0 9 7 2
1 500.000000 50 0.180000 41 1.000000 5.878220 1.000000 1.000000 0.119497 0.340249 0.419087 0 1 0 0 0 0 4 12 9 5 10 0 0 9 0 0
1 500.000000 50 0.180000 41 1.000000 5.878220 1.000000 1.000000 0.119497 0.340249 0.419087 0 1 0 0 0 0 4 12 9 5 10 0 0 9 0 0
1 500.000000 50 0.322000 339 1.000000 5.042136 1.000000 1.000000 0.111176 0.324284 0.399408 0 7 7 0 0 0 29 82 86 43 85 0 0 86 53 22
1 500.000000 50 0.170000 415 1.000000 5.417048 1.000000 1.920482 0.109005 0.322360 0.396226 0 7 10 0 0 0 36 107 105 52 98 0 0 83 2 0
2 500.000000 50 0.166000 417 1.000000 5.456237 1.000000 1.916067 0.108491 0.322413 0.395925 0 7 10 0 0 0 36 109 105 52 98 0 0 83 0 0
1 500.000000 50 0.170000 415 1.000000 5.417048 1.000000 1.920482 0.109005 0.322360 0.396226 0 7 10 0 0 0 36 107 105 52 98 0 0 83 2 0
2 500.000000 50 0.166000 417 1.000000 5.456237 1.000000 1.916067 0.108491 0.322413 0.395925 0 7 10 0 0 0 36 109 105 52 98 0 0 83 0 0
2 500.000000 50 0.179000 821 1.000000 5.249398 1.000000 1.962241 0.108477 0.319346 0.393181 0 14 23 0 0 0 68 202 214 110 190 0 0 163 16 0
2 500.000000 50 0.163000 837 1.000000 5.299403 1.000000 2.031063 0.106977 0.318407 0.391322 0 14 23 0 0 0 69 208 223 110 190 0 0 163 0 0
2 500.000000 50 0.206700 7933 1.000000 4.790222 1.000000 1.607967 0.104561 0.307071 0.379525 0 85 384 0 0 0 719 1939 2040 1043 1723 0 0 1531 302 234
2 500.000000 50 0.161800 8382 1.000000 4.961886 1.000000 1.896803 0.106966 0.311590 0.385226 0 84 378 0 0 0 751 2078 2096 1119 1876 0 0 1538 75 5
2 500.000000 50 0.161800 8382 1.000000 4.961886 1.000000 1.896803 0.106966 0.311590 0.385226 0 84 378 0 0 0 751 2078 2096 1119 1876 0 0 1538 75 5
2 500.000000 50 0.163900 8361 1.000000 4.957108 1.000000 1.884583 0.106872 0.311248 0.384857 0 84 380 0 0 0 752 2072 2091 1115 1867 0 0 1536 85 18
2 500.000000 50 0.161300 8387 1.000000 4.966462 1.000000 1.919280 0.107181 0.311802 0.385564 0 84 379 0 0 0 755 2089 2080 1120 1880 0 0 1537 76 0
2 500.000000 54 0.159300 8407 1.000000 5.006822 1.000000 1.857500 0.108304 0.310921 0.385551 0 83 374 0 0 0 777 1982 2191 1122 1878 0 0 1543 50 0
1,1000.000000,59,0.130000,87,1.000000,1.075310,1.000000,1.241379,0.079284,0.286496,0.343066,0,1,6,0,0,0,6,20,24,7,23,0,0,13,0,0
1,1000.000000,59,0.130000,87,1.000000,1.075310,1.000000,1.241379,0.079284,0.286496,0.343066,0,1,6,0,0,0,6,20,24,7,23,0,0,13,0,0
1,1000.000000,59,0.130000,87,1.000000,1.075310,1.000000,1.241379,0.079284,0.286496,0.343066,0,1,6,0,0,0,6,20,24,7,23,0,0,13,0,0
1,1000.000000,59,0.130000,87,1.000000,1.075310,1.000000,1.241379,0.079284,0.286496,0.343066,0,1,6,0,0,0,6,20,24,7,23,0,0,13,0,0
1,1000.000000,59,0.130000,87,1.000000,1.075310,1.000000,1.241379,0.079284,0.286496,0.343066,0,1,6,0,0,0,6,20,24,7,23,0,0,13,0,0
1,1000.000000,59,0.130000,87,1.000000,1.075310,1.000000,1.241379,0.079284,0.286496,0.343066,0,1,6,0,0,0,6,20,24,7,23,0,0,13,0,0
1,1000.000000,59,0.130000,87,1.000000,1.075310,1.000000,1.241379,0.079284,0.286496,0.343066,0,1,6,0,0,0,6,20,24,7,23,0,0,13,0,0
1,1000.000000,590,0.150000,85,1.000000,0.985941,1.000000,1.294118,0.098901,0.306667,0.375238,0,1,4,0,0,0,7,21,22,10,20,0,0,15,0,0
1,1000.000000,15,0.000000,84743,1.000000,1.889811,1.000000,0.000991,0.149690,0.342019,0.440512,0,517,1637,0,0,0,11090,20678,18683,15610,16528,0,0,0,0,0
1,10000.000000,15,0.000000,84743,1.000000,1.889811,1.000000,0.000991,0.149690,0.342019,0.440512,0,517,1637,0,0,0,11090,20678,18683,15610,16528,0,0,0,0,0
1,10000.000000,15,0.160000,84,1.000000,1.008845,1.000000,1.023810,0.123596,0.316699,0.401152,0,2,2,0,0,0,9,17,24,14,16,0,0,16,0,0
1,10000.000000,150,0.160000,84,1.000000,1.176155,1.000000,1.011905,0.068657,0.304979,0.352697,0,1,3,0,0,0,1,21,28,9,21,0,0,16,0,0
1,10000.000000,150,0.157000,843,1.000000,1.049648,1.000000,1.018980,0.095890,0.313211,0.379067,0,10,33,0,0,0,56,229,215,104,196,0,0,157,0,0
1,10000.000000,150,0.000000,100,1.000000,1.070340,1.000000,1.020000,0.068852,0.256098,0.307317,0,0,20,0,0,0,0,50,0,30,0,0,0,0,0,0
1,10000.000000,150,0.670000,33,1.000000,0.948091,1.000000,1.181818,0.100000,0.305785,0.375207,0,0,4,0,0,0,0,17,0,12,0,0,0,16,33,18
1,1000.000000,150,0.660000,34,1.000000,0.957206,1.000000,1.176471,0.097674,0.306452,0.374194,0,0,4,0,0,0,0,18,0,12,0,0,0,16,32,18
1,1000.000000,150,0.660000,34,1.000000,0.957206,1.000000,1.176471,0.097674,0.306452,0.374194,0,0,4,0,0,0,0,18,0,12,0,0,0,16,32,18
1,1000.000000,150,0.660000,34,1.000000,0.957206,1.000000,1.176471,0.097674,0.306452,0.374194,0,0,4,0,0,0,0,18,0,12,0,0,0,16,32,18
1,1000.000000,150,0.640000,36,1.000000,0.938500,1.000000,1.250000,0.101676,0.311538,0.381538,0,0,4,0,0,0,0,19,0,13,0,0,0,16,31,17
1,1000.000000,150,0.882000,118,1.000000,0.706068,1.000000,1.211864,0.141700,0.361757,0.452196,0,0,6,0,0,0,0,62,0,50,0,0,0,194,438,250
1,1000.000000,15,0.895000,105,1.000000,0.584829,1.000000,1.038095,0.182063,0.369165,0.484017,0,0,7,0,0,0,0,40,0,58,0,0,0,193,460,242
1,1000.000000,15,0.627800,3722,1.000000,0.938853,1.000000,1.429070,0.194637,0.374459,0.496213,0,39,40,0,0,0,593,858,349,835,1008,0,0,1921,3200,1157
1,1000.000000,15,0.480000,520,1.000000,0.942150,1.000000,1.578846,0.144528,0.341410,0.436595,0,8,14,0,0,0,65,132,80,88,133,0,0,178,223,79
1,1000.000000,145,0.527000,473,1.000000,0.957330,1.000000,1.484144,0.173973,0.358974,0.470496,0,5,11,0,0,0,69,112,53,99,124,0,0,184,266,77
1,1000.000000,1450,0.537000,463,1.000000,0.900456,1.000000,1.663067,0.150450,0.344552,0.443164,0,5,19,0,0,0,49,107,60,97,126,0,0,176,284,77
1,1000.000000,1450,0.624100,3759,1.000000,0.943845,1.000000,1.481245,0.201179,0.379563,0.504382,0,40,36,0,0,0,607,907,265,890,1014,0,0,1924,3221,1096
1,1000.000000,1450,0.537000,463,1.000000,0.900456,1.000000,1.663067,0.150450,0.344552,0.443164,0,5,19,0,0,0,49,107,60,97,126,0,0,176,284,77
1,1000.000000,1450,0.222000,778,1.000000,0.961686,1.000000,2.677378,0.111543,0.316587,0.392817,0,8,36,0,0,0,64,193,179,120,178,0,0,156,64,2
1,1000.000000,1450,0.222000,778,1.000000,0.961686,1.000000,2.677378,0.111543,0.316587,0.392817,0,8,36,0,0,0,64,193,179,120,178,0,0,156,64,2
1,1000.000000,1480,0.194000,806,1.000000,1.006548,1.000000,2.405707,0.116612,0.303715,0.384910,0,15,44,0,0,0,94,161,192,116,184,0,0,141,53,0
1,1000.000000,1489,0.211000,789,1.000000,0.953842,1.000000,2.347275,0.114592,0.318532,0.396623,0,6,32,0,0,0,72,179,201,111,188,0,0,162,48,1
1,1000.000000,1489,0.327900,6721,1.000000,0.987250,1.000000,1.886475,0.136012,0.335790,0.426131,0,69,207,0,0,0,763,1649,1281,1087,1665,0,0,1724,1307,248
1,1000.000000,1489,0.180000,82,1.000000,0.999146,1.000000,1.097561,0.125000,0.330544,0.414226,0,1,1,0,0,0,7,17,26,14,16,0,0,18,0,0
1,1000.000000,14,0.170000,83,1.000000,1.034904,1.000000,1.000000,0.142029,0.328794,0.424125,0,1,2,0,0,0,14,18,18,9,21,0,0,17,0,0
1,1000.000000,14,0.170000,83,1.000000,1.034904,1.000000,1.000000,0.142029,0.328794,0.424125,0,1,2,0,0,0,14,18,18,9,21,0,0,17,0,0
1,1000.000000,14,0.170000,83,1.000000,1.034904,1.000000,1.000000,0.142029,0.328794,0.424125,0,1,2,0,0,0,14,18,18,9,21,0,0,17,0,0
1,1000.000000,14,0.170000,83,1.000000,1.034904,1.000000,1.000000,0.142029,0.328794,0.424125,0,1,2,0,0,0,14,18,18,9,21,0,0,17,0,0
1,1000.000000,14,0.170000,83,1.000000,1.034904,1.000000,1.000000,0.142029,0.328794,0.424125,0,1,2,0,0,0,14,18,18,9,21,0,0,17,0,0
1,1000.000000,14,0.170000,83,1.000000,1.034904,1.000000,1.000000,0.142029,0.328794,0.424125,0,1,2,0,0,0,14,18,18,9,21,0,0,17,0,0
1,1000.000000,14,0.170000,83,1.000000,1.034904,1.000000,1.000000,0.142029,0.328794,0.424125,0,1,2,0,0,0,14,18,18,9,21,0,0,17,0,0
1,1000.000000,14,0.170000,83,1.000000,1.034904,1.000000,1.000000,0.142029,0.328794,0.424125,0,1,2,0,0,0,14,18,18,9,21,0,0,17,0,0
1,1000.000000,14,0.170000,83,1.000000,1.034904,1.000000,1.000000,0.142029,0.328794,0.424125,0,1,2,0,0,0,14,18,18,9,21,0,0,17,0,0
1,1000.000000,14,0.170000,83,1.000000,1.034904,1.000000,1.000000,0.142029,0.328794,0.424125,0,1,2,0,0,0,14,18,18,9,21,0,0,17,0,0
1,1000.000000,14,0.170000,83,1.000000,1.034904,1.000000,1.000000,0.142029,0.328794,0.424125,0,1,2,0,0,0,14,18,18,9,21,0,0,17,0,0
1,1000.000000,14,0.170000,83,1.000000,1.034904,1.000000,1.000000,0.142029,0.328794,0.424125,0,1,2,0,0,0,14,18,18,9,21,0,0,17,0,0
1,1000.000000,14,0.172000,828,1.000000,1.057635,1.000000,1.624396,0.110565,0.310863,0.387057,0,12,37,0,0,0,80,199,201,116,183,0,0,151,20,1
1,1000.000000,14,0.172000,828,1.000000,1.057635,1.000000,1.624396,0.110565,0.310863,0.387057,0,12,37,0,0,0,80,199,201,116,183,0,0,151,20,1
1,1000.000000,14,0.180000,82,1.000000,0.975866,1.000000,1.134146,0.116719,0.343685,0.420290,0,1,1,0,0,0,6,28,16,13,17,0,0,18,0,0
1,1000.000000,140,0.120000,88,1.000000,0.917239,1.000000,1.113636,0.096154,0.283993,0.352840,0,1,7,0,0,0,9,18,23,10,20,0,0,12,0,0
1,1000.000000,1400,0.140000,86,1.000000,0.937895,1.000000,1.174419,0.108808,0.305755,0.381295,0,2,4,0,0,0,8,22,20,14,16,0,0,14,0,0
1,1000.000000,1400,0.140000,86,1.000000,0.937895,1.000000,1.174419,0.108808,0.305755,0.381295,0,2,4,0,0,0,8,22,20,14,16,0,0,14,0,0
1,10000.000000,1400,0.140000,86,1.000000,0.937895,1.000000,1.174419,0.108808,0.305755,0.381295,0,2,4,0,0,0,8,22,20,14,16,0,0,14,0,0
1,10000.000000,158,0.200000,80,1.000000,0.906025,1.000000,1.200000,0.074897,0.259146,0.314634,0,0,16,0,0,0,0,38,0,26,0,0,0,4,12,4
1,10000.000000,15,0.120000,88,1.000000,1.043943,1.000000,1.375000,0.079848,0.264336,0.323077,0,0,17,0,0,0,0,41,0,30,0,0,0,3,9,0
1,10000.000000,15,0.120000,88,1.000000,1.043943,1.000000,1.375000,0.079848,0.264336,0.323077,0,0,17,0,0,0,0,41,0,30,0,0,0,3,9,0
1,10000.000000,15,0.320000,68,1.000000,0.934750,1.000000,1.558824,0.080889,0.243697,0.304874,0,0,17,0,0,0,0,25,0,26,0,0,0,3,25,4
1,10000.000000,15,0.894000,1060,1.000000,0.927277,1.000000,1.051887,0.222908,0.402331,0.535556,0,0,38,0,0,0,0,377,0,645,0,0,0,1962,4623,2355
1,10000.000000,15,0.429700,5703,1.000000,0.961151,1.000000,1.943012,0.149861,0.344146,0.442433,0,75,152,0,0,0,724,1353,909,1004,1486,0,0,1773,2014,510
1,10000.000000,15,0.160000,84,1.000000,1.008845,1.000000,1.047619,0.123596,0.316699,0.401152,0,2,2,0,0,0,9,17,24,14,16,0,0,16,0,0
1,10000.000000,177,0.160000,84,1.000000,1.179095,1.000000,1.797619,0.130919,0.323917,0.412429,0,1,3,0,0,0,12,22,16,11,19,0,0,16,0,0
1,10000.000000,177,0.280000,72,1.000000,0.693236,1.000000,1.583333,0.079007,0.257956,0.316583,0,0,15,0,0,0,0,32,0,25,0,0,0,5,18,5
1,10000.000000,17,0.130000,87,1.000000,0.943069,1.000000,1.379310,0.084337,0.275109,0.336245,0,0,15,0,0,0,0,42,0,30,0,0,0,5,8,0
1,10000.000000,17,0.720000,280,1.000000,0.672421,1.000000,1.475000,0.143904,0.347034,0.440999,0,0,22,0,0,0,0,129,0,129,0,0,0,178,371,171
1,10000.000000,178,0.747000,253,1.000000,0.638968,1.000000,1.316206,0.125581,0.328500,0.412828,0,0,25,0,0,0,0,120,0,108,0,0,0,175,380,192
1,10000.000000,198,0.750000,250,1.000000,0.696640,1.000000,1.444000,0.119272,0.323068,0.403807,0,0,26,0,0,0,0,121,0,103,0,0,0,174,379,197
1,10000.000000,198,0.236000,764,1.000000,0.987251,1.000000,2.646597,0.119230,0.317864,0.399195,0,4,36,0,0,0,77,173,182,113,179,0,0,160,68,8
1,10000.000000,1980,0.742000,258,1.000000,0.691023,1.000000,1.178295,0.133387,0.327047,0.416810,0,0,28,0,0,0,0,111,0,119,0,0,0,172,389,181
1,10000.000000,1980,0.892000,1080,1.000000,0.974549,1.000000,1.045370,0.224615,0.404450,0.538220,0,0,36,0,0,0,0,387,0,657,0,0,0,1964,4613,2343
1,10000.000000,198,0.887900,1121,1.000000,0.910308,1.000000,1.108831,0.223723,0.404318,0.537586,0,0,37,0,0,0,0,405,0,679,0,0,0,1963,4595,2321
1,10000.000000,18,0.882400,1176,1.000000,0.907399,1.000000,1.062075,0.233443,0.416552,0.552754,0,0,22,0,0,0,0,444,0,710,0,0,0,1978,4556,2290
1,10000.000000,18,0.430700,5693,1.000000,0.990996,1.000000,1.966274,0.152027,0.345074,0.444641,0,70,152,0,0,0,736,1354,896,1025,1460,0,0,1778,2014,515
1,10000.000000,18,0.430700,5693,1.000000,0.990996,1.000000,1.966274,0.152027,0.345074,0.444641,0,70,152,0,0,0,736,1354,896,1025,1460,0,0,1778,2014,515
1,10000.000000,118,0.232000,768,1.000000,0.969441,1.000000,2.428385,0.112219,0.313439,0.390484,0,7,39,0,0,0,73,182,174,106,187,0,0,154,71,7
1,10000.000000,15430,0.246000,754,1.000000,0.936959,1.000000,2.271883,0.107409,0.317935,0.391195,0,9,31,0,0,0,54,193,180,115,172,0,0,160,73,13
1,10000.000000,18319,0.224000,776,1.000000,0.917818,1.000000,2.353093,0.115631,0.307662,0.387718,0,11,43,0,0,0,91,178,165,103,185,0,0,146,66,12
1,10000.000000,20105,0.214000,786,1.000000,0.977204,1.000000,2.480916,0.112103,0.307784,0.385383,0,13,42,0,0,0,77,188,174,121,171,0,0,145,61,8
1,10000.000000,17938,0.777000,223,1.000000,0.740511,1.000000,1.829596,0.132689,0.336329,0.424390,0,0,20,0,0,0,0,105,0,98,0,0,0,180,395,202
1,10000.000000,17938,0.907000,93,1.000000,0.705097,1.000000,1.161290,0.202180,0.390365,0.513621,0,0,4,0,0,0,0,36,0,53,0,0,0,196,464,247
1,10000.000000,17398,0.903000,97,1.000000,0.677546,1.000000,1.175258,0.181347,0.383387,0.495208,0,0,4,0,0,0,0,43,0,50,0,0,0,196,457,250
1,10000.000000,17398,0.904000,96,1.000000,0.683771,1.000000,1.166667,0.183246,0.383871,0.496774,0,0,4,0,0,0,0,42,0,50,0,0,0,196,458,250
4,10000.000000,15,0.151000,8490,1.000000,0.992668,1.000000,2.340400,0.103844,0.305331,0.377469,0,93,420,0,0,0,764,1962,2261,1093,1897,0,0,1487,13,10
4,10000.000000,15892,0.151300,8487,1.000000,0.999692,1.000000,2.319194,0.103805,0.307134,0.379057,0,95,420,0,0,0,752,2091,2129,1110,1890,0,0,1485,28,0
4,10000.000000,5837,0.155400,8446,1.000000,0.997606,1.000000,2.283685,0.110891,0.310712,0.387148,0,102,375,0,0,0,838,2010,2126,1157,1838,0,0,1523,26,5
1,10000.000000,5837,0.227000,773,1.000000,1.002965,1.000000,2.196636,0.119344,0.317088,0.398590,0,10,32,0,0,0,86,179,176,105,185,0,0,158,59,10
1,10000.000000,5837,0.426800,5732,1.000000,0.981508,1.000000,1.910328,0.158034,0.349223,0.452068,0,79,119,0,0,0,783,1406,867,1076,1402,0,0,1802,1944,522
1,10000.000000,5837,0.170000,83,1.000000,1.009952,1.000000,1.084337,0.116418,0.327309,0.405622,0,2,1,0,0,0,8,21,21,11,19,0,0,17,0,0
1,10000.000000,5837,0.170000,83,1.000000,1.009952,1.000000,1.084337,0.116418,0.327309,0.405622,0,2,1,0,0,0,8,21,21,11,19,0,0,17,0,0
1,10000.000000,5837,0.170000,83,1.000000,1.009952,1.000000,1.084337,0.116418,0.327309,0.405622,0,2,1,0,0,0,8,21,21,11,19,0,0,17,0,0
1,10000.000000,5837,0.170000,83,1.000000,1.009952,1.000000,1.084337,0.116418,0.327309,0.405622,0,2,1,0,0,0,8,21,21,11,19,0,0,17,0,0
1,10000.000000,5837,0.170000,83,1.000000,1.009952,1.000000,1.084337,0.116418,0.327309,0.405622,0,2,1,0,0,0,8,21,21,11,19,0,0,17,0,0
1,10000.000000,5837,0.170000,83,1.000000,1.009952,1.000000,1.084337,0.116418,0.327309,0.405622,0,2,1,0,0,0,8,21,21,11,19,0,0,17,0,0
1,10000.000000,5837,0.170000,83,1.000000,1.009952,1.000000,1.084337,0.116418,0.327309,0.405622,0,2,1,0,0,0,8,21,21,11,19,0,0,17,0,0
1,10000.000000,5837,0.000000,100,1.000000,1.064420,1.000000,1.130000,-0.695522,0.327309,-0.140562,0,2,1,0,0,0,8,21,21,11,19,0,0,0,0,0
1,10000.000000,5837,0.227000,773,1.000000,1.002965,1.000000,2.196636,0.119344,0.317088,0.398590,0,10,32,0,0,0,86,179,176,105,185,0,0,158,59,10
1,10000.000000,5837,0.227000,773,1.000000,1.002965,1.000000,2.196636,0.119344,0.317088,0.398590,0,10,32,0,0,0,86,179,176,105,185,0,0,158,59,10
1,10000.000000,5837,0.426800,5732,1.000000,0.981508,1.000000,1.910328,0.158034,0.349223,0.452068,0,79,119,0,0,0,783,1406,867,1076,1402,0,0,1802,1944,522
1,10000.000000,58837,0.442700,5573,1.000000,0.988824,1.000000,1.971111,0.150328,0.347952,0.445973,0,64,153,0,0,0,681,1389,787,982,1517,0,0,1783,2143,501
1,10000.000000,12337,0.417900,5821,1.000000,0.973508,1.000000,1.939873,0.149335,0.346310,0.443929,0,63,157,0,0,0,693,1458,909,1078,1463,0,0,1780,1940,459
1,10000.000000,12337,0.219000,781,1.000000,0.957813,1.000000,2.348271,0.117136,0.311793,0.392407,0,9,40,0,0,0,80,179,180,122,171,0,0,151,61,7
1,10000.000000,12337,0.219000,781,1.000000,0.957813,1.000000,2.348271,0.117136,0.311793,0.392407,0,9,40,0,0,0,80,179,180,122,171,0,0,151,61,7
1,10000.000000,12337,0.219000,781,1.000000,0.957813,1.000000,2.348271,0.117136,0.311793,0.392407,0,9,40,0,0,0,80,179,180,122,171,0,0,151,61,7
1,10000.000000,12337,0.417900,5821,1.000000,0.973508,1.000000,1.939873,0.149335,0.346310,0.443929,0,63,157,0,0,0,693,1458,909,1078,1463,0,0,1780,1940,459
1,10000.000000,1337,0.424700,5753,1.000000,0.974893,1.000000,1.921780,0.148182,0.344208,0.441384,0,61,165,0,0,0,714,1410,904,1004,1495,0,0,1774,1972,501
1,10000.000000,12337,0.417900,5821,1.000000,0.973508,1.000000,1.939873,0.149335,0.346310,0.443929,0,63,157,0,0,0,693,1458,909,1078,1463,0,0,1780,1940,459
1,10000.000000,12,0.415400,5846,1.000000,0.960338,1.000000,2.027027,0.153313,0.349050,0.448849,0,56,152,0,0,0,748,1484,844,1052,1510,0,0,1792,1924,438
1,10000.000000,12337,0.417900,5821,1.000000,0.973508,1.000000,1.939873,0.149335,0.346310,0.443929,0,63,157,0,0,0,693,1458,909,1078,1463,0,0,1780,1940,459
1,10000.000000,12,0.415400,5846,1.000000,0.960338,1.000000,2.027027,0.153313,0.349050,0.448849,0,56,152,0,0,0,748,1484,844,1052,1510,0,0,1792,1924,438
1,10000.000000,12,0.418000,5820,1.000000,0.965462,1.000000,1.999141,0.154218,0.348070,0.448610,0,55,157,0,0,0,764,1459,846,1054,1485,0,0,1788,1931,461
1,10000.000000,123,0.424000,5760,1.000000,0.975281,1.000000,1.904340,0.150617,0.345792,0.444326,0,58,169,0,0,0,708,1473,850,1087,1415,0,0,1773,1969,498
1,10000.000000,5123,0.437900,5621,1.000000,0.985742,1.000000,1.932930,0.148005,0.346290,0.443042,0,64,159,0,0,0,685,1458,790,987,1478,0,0,1777,2067,535
1,10000.000000,511238,0.436700,5633,1.000000,0.976381,1.000000,2.009231,0.151485,0.350594,0.448969,0,58,139,0,0,0,672,1453,808,1027,1476,0,0,1803,2067,497
1,10000.000000,513238,0.422300,5777,1.000000,0.955398,1.000000,1.930068,0.146446,0.344826,0.440773,0,77,145,0,0,0,700,1457,905,998,1495,0,0,1778,1938,507
1,10000.000000,513238,0.110000,89,1.000000,1.104169,1.000000,1.202247,0.073286,0.283051,0.335593,0,2,7,0,0,0,5,27,18,9,21,0,0,11,0,0
1,10000.000000,513238,0.080000,92,1.000000,1.118293,1.000000,1.217391,-0.040189,0.283051,0.254237,0,2,7,0,0,0,5,27,18,9,21,0,0,8,0,0
1,10000.000000,513238,0.110000,89,1.000000,1.104169,1.000000,1.202247,0.073286,0.283051,0.335593,0,2,7,0,0,0,5,27,18,9,21,0,0,11,0,0
1,10000.000000,513238,0.000000,100,1.000000,1.056590,1.000000,1.180000,-0.342790,0.283051,0.037288,0,2,7,0,0,0,5,27,18,9,21,0,0,0,0,0
1,10000.000000,513238,0.000000,100,1.000000,1.056590,1.000000,1.180000,-0.342790,0.283051,0.037288,0,2,7,0,0,0,5,27,18,9,21,0,0,0,0,0
1,10000.000000,513238,0.000000,100,1.000000,1.056590,1.000000,1.180000,-0.342790,0.283051,0.037288,0,5,15,0,0,0,5,27,18,9,21,0,0,0,0,0
1,10000.000000,513238,0.169000,831,1.000000,0.919083,1.000000,2.300842,-0.164205,0.303409,0.189026,0,12,45,0,0,0,75,169,181,111,179,0,0,84,75,10
1,10000.000000,513238,0.108000,892,1.000000,0.911075,1.000000,2.405830,-0.447972,0.303611,-0.008352,0,69,108,0,0,0,77,198,151,112,177,0,0,23,74,11
1,10000.000000,513238,0.169000,831,1.000000,0.919083,1.000000,2.300842,-0.164205,0.303409,0.189026,0,16,100,0,0,0,76,177,172,111,179,0,0,84,75,10
1,10000.000000,5132,0.183000,817,1.000000,1.008241,1.000000,2.876377,-0.198628,0.318530,0.183170,0,6,35,0,0,0,88,182,157,97,188,0,0,95,73,15
1,10000.000000,5132,0.183000,817,1.000000,1.008241,1.000000,2.876377,-0.198628,0.318530,0.183170,0,10,95,0,0,0,90,193,144,97,188,0,0,95,73,15
