1,10000.000000,10,0.140000,86,1.000000,0.960337,1.000000,1.069767,0.108808,0.299456,0.375681,0,0,6,0,0,0,9,19,22,12,18,0,0,14,0,0
1,10000.000000,10,0.140000,86,1.000000,0.960337,1.000000,1.069767,0.108808,0.299456,0.375681,0,0,6,0,0,0,9,19,22,12,18,0,0,14,0,0
1,10000.000000,8569,0.140000,86,1.000000,0.956384,1.000000,1.290698,0.101828,0.289425,0.361781,0,1,5,0,0,0,6,12,32,15,15,0,0,14,0,0
1,10000.000000,7347,0.140000,86,1.000000,0.998849,1.000000,1.116279,0.094737,0.298893,0.365314,0,2,4,0,0,0,7,20,23,10,20,0,0,14,0,0
1,10000.000000,11338,0.140000,86,1.000000,0.846837,1.000000,1.186047,0.085106,0.291902,0.352166,0,0,6,0,0,0,6,19,25,8,22,0,0,14,0,0
1,10000.000000,10180,0.150000,85,1.000000,1.000706,1.000000,1.200000,0.106267,0.307547,0.381132,0,0,5,0,0,0,7,21,22,13,17,0,0,15,0,0
1,10000.000000,24850,0.170000,83,1.000000,0.930229,1.000000,1.156627,0.121662,0.324649,0.406814,0,0,3,0,0,0,9,20,21,11,19,0,0,17,0,0
1,10000.000000,28894,0.190000,81,1.000000,0.930210,1.000000,1.197531,0.105085,0.350220,0.418502,0,0,1,0,0,0,3,29,18,13,17,0,0,19,0,0
1,10000.000000,5065,0.170000,83,1.000000,0.954783,1.000000,1.253012,0.105740,0.323108,0.394683,0,1,2,0,0,0,7,21,22,9,21,0,0,17,0,0
1,10000.000000,5631,0.150000,85,1.000000,1.110094,1.000000,1.211765,0.122995,0.315018,0.399267,0,1,4,0,0,0,8,22,20,18,12,0,0,15,0,0
1,10000.000000,12704,0.170000,83,1.000000,0.986108,1.000000,1.048193,0.119048,0.321212,0.402020,0,2,1,0,0,0,9,16,25,10,20,0,0,17,0,0
1,10000.000000,11144,0.140000,86,1.000000,0.955581,1.000000,1.034884,0.111111,0.302703,0.380180,0,1,5,0,0,0,9,20,21,13,17,0,0,14,0,0
1,10000.000000,25449,0.170000,83,1.000000,1.094892,1.000000,1.469880,0.072100,0.312500,0.362069,0,0,3,0,0,0,2,21,27,7,23,0,0,17,0,0
1,10000.000000,7819,0.170000,83,1.000000,0.842807,1.000000,1.072289,0.103030,0.325153,0.394683,0,1,2,0,0,0,4,23,23,14,16,0,0,17,0,0
1,10000.000000,12546,0.130000,87,1.000000,1.043828,1.000000,1.402299,0.088608,0.293381,0.355993,0,1,6,0,0,0,6,23,21,11,19,0,0,13,0,0
1,10000.000000,4537,0.170000,83,1.000000,1.131446,1.000000,1.445783,0.149425,0.333333,0.432950,0,0,3,0,0,0,12,21,17,16,14,0,0,17,0,0
1,10000.000000,6160,0.170000,83,1.000000,0.960928,1.000000,1.108434,0.129412,0.326733,0.413861,0,1,2,0,0,0,12,19,19,8,22,0,0,17,0,0
1,10000.000000,27721,0.180000,82,1.000000,0.970561,1.000000,1.207317,0.119497,0.329114,0.409283,0,0,2,0,0,0,10,18,22,6,24,0,0,18,0,0
1,10000.000000,10090,0.160000,84,1.000000,1.117679,1.000000,1.273810,0.111111,0.315789,0.391813,0,0,4,0,0,0,8,21,21,11,19,0,0,16,0,0
1,10000.000000,11030,0.150000,85,1.000000,0.862200,1.000000,1.047059,0.120643,0.305400,0.389199,0,1,4,0,0,0,11,15,24,11,19,0,0,15,0,0
1,10000.000000,22075,0.130000,87,1.000000,1.094046,1.000000,1.080460,0.097744,0.292553,0.361702,0,1,6,0,0,0,8,20,22,11,19,0,0,13,0,0
1,10000.000000,22919,0.160000,84,1.000000,0.887012,1.000000,1.166667,0.090379,0.318091,0.379722,0,0,4,0,0,0,6,27,17,7,23,0,0,16,0,0
1,10000.000000,15430,0.120000,88,1.000000,1.033977,1.000000,1.181818,0.091787,0.281250,0.347222,0,0,8,0,0,0,7,18,25,12,18,0,0,12,0,0
1,10000.000000,18319,0.130000,87,1.000000,0.746253,1.000000,1.172414,0.081633,0.284672,0.343066,0,1,6,0,0,0,6,18,26,8,22,0,0,13,0,0
1,10000.000000,7125,0.150000,85,1.000000,1.065388,1.000000,1.635294,0.088889,0.310345,0.371648,0,2,3,0,0,0,6,25,19,8,22,0,0,15,0,0
1,10000.000000,27744,0.150000,85,1.000000,1.087188,1.000000,1.423529,0.096419,0.312500,0.378788,0,1,4,0,0,0,6,26,18,11,19,0,0,15,0,0
1,10000.000000,2528,0.150000,85,1.000000,1.013353,1.000000,1.211765,0.096419,0.295146,0.363107,0,1,4,0,0,0,7,13,30,9,21,0,0,15,0,0
1,10000.000000,22236,0.190000,81,1.000000,0.942519,1.000000,1.049383,0.114094,0.345055,0.419780,0,0,1,0,0,0,7,24,19,8,22,0,0,19,0,0
1,10000.000000,5136,0.110000,89,1.000000,0.761697,1.000000,1.078652,0.081967,0.273810,0.333333,0,1,8,0,0,0,7,18,25,9,21,0,0,11,0,0
1,10000.000000,20970,0.160000,84,1.000000,0.865286,1.000000,1.273810,0.090379,0.312625,0.374749,0,0,4,0,0,0,5,23,22,9,21,0,0,16,0,0
1,10000.000000,1560,0.140000,86,1.000000,1.082593,1.000000,1.162791,0.126904,0.298932,0.387900,0,0,6,0,0,0,12,14,24,14,16,0,0,14,0,0
1,10000.000000,13527,0.170000,83,1.000000,1.030012,1.000000,1.349398,0.100304,0.321649,0.389691,0,1,2,0,0,0,6,21,23,9,21,0,0,17,0,0
1,10000.000000,15988,0.130000,87,1.000000,0.930333,1.000000,1.252874,0.100000,0.292035,0.362832,0,1,6,0,0,0,7,19,24,14,16,0,0,13,0,0
1,10000.000000,16322,0.190000,81,1.000000,1.022519,1.000000,1.185185,0.108108,0.339286,0.410714,0,0,1,0,0,0,5,21,24,10,20,0,0,19,0,0
1,10000.000000,29445,0.170000,83,1.000000,0.889554,1.000000,1.301205,0.108434,0.315464,0.389691,0,0,3,0,0,0,5,16,29,14,16,0,0,17,0,0
1,10000.000000,14525,0.110000,89,1.000000,0.890303,1.000000,1.134831,0.102975,0.281250,0.355263,0,2,7,0,0,0,9,17,24,15,15,0,0,11,0,0
1,10000.000000,4239,0.150000,85,1.000000,1.240871,1.000000,1.282353,0.098901,0.314501,0.382298,0,0,5,0,0,0,8,28,14,8,22,0,0,15,0,0
1,10000.000000,10012,0.170000,83,1.000000,1.104096,1.000000,1.313253,0.129412,0.320000,0.408000,0,0,3,0,0,0,10,15,25,12,18,0,0,17,0,0
1,10000.000000,8402,0.140000,86,1.000000,0.955488,1.000000,1.255814,0.117949,0.306050,0.387900,0,2,4,0,0,0,10,20,20,14,16,0,0,14,0,0
1,10000.000000,21020,0.180000,82,1.000000,1.216280,1.000000,1.195122,0.111111,0.331210,0.405520,0,0,2,0,0,0,7,21,22,9,21,0,0,18,0,0
1,10000.000000,20105,0.170000,83,1.000000,1.014108,1.000000,1.132530,0.119048,0.319838,0.400810,0,0,3,0,0,0,9,17,24,10,20,0,0,17,0,0
1,10000.000000,28887,0.160000,84,1.000000,0.867821,1.000000,1.190476,0.098266,0.310757,0.378486,0,0,4,0,0,0,5,20,25,12,18,0,0,16,0,0
1,10000.000000,9896,0.180000,82,1.000000,1.023537,1.000000,1.182927,0.127726,0.343558,0.427403,0,0,2,0,0,0,6,27,17,17,13,0,0,18,0,0
1,10000.000000,29701,0.170000,83,1.000000,1.022627,1.000000,1.180723,0.124260,0.321285,0.405622,0,1,2,0,0,0,9,16,25,12,18,0,0,17,0,0
1,10000.000000,4398,0.130000,87,1.000000,0.993517,1.000000,1.252874,0.093199,0.296099,0.361702,0,1,6,0,0,0,5,24,21,15,15,0,0,13,0,0
1,10000.000000,1990,0.160000,84,1.000000,0.858893,1.000000,1.154762,0.168000,0.329159,0.441860,0,2,2,0,0,0,18,17,15,15,15,0,0,16,0,0
1,10000.000000,29735,0.140000,86,1.000000,0.982407,1.000000,1.465116,0.089947,0.297398,0.360595,0,1,5,0,0,0,5,21,24,12,18,0,0,14,0,0
1,10000.000000,8696,0.080000,92,1.000000,1.020424,1.000000,1.260870,0.092784,0.266263,0.334342,0,0,12,0,0,0,11,21,18,11,19,0,0,8,0,0
1,10000.000000,12723,0.140000,86,1.000000,0.992500,1.000000,1.348837,0.106494,0.302536,0.376812,0,0,6,0,0,0,9,22,19,11,19,0,0,14,0,0
1,10000.000000,29766,0.170000,83,1.000000,1.035024,1.000000,1.253012,0.111111,0.332665,0.406814,0,1,2,0,0,0,7,27,16,11,19,0,0,17,0,0
1,10000.000000,14957,0.180000,82,1.000000,0.962256,1.000000,1.280488,0.102564,0.330472,0.399142,0,1,1,0,0,0,4,21,25,12,18,0,0,18,0,0
1,10000.000000,21620,0.170000,83,1.000000,0.943494,1.000000,1.253012,0.108434,0.325203,0.398374,0,1,2,0,0,0,4,22,24,16,14,0,0,17,0,0
1,10000.000000,3580,0.100000,90,1.000000,0.895022,1.000000,1.100000,0.087248,0.279032,0.341935,0,1,9,0,0,0,9,25,16,9,21,0,0,10,0,0
1,10000.000000,16743,0.130000,87,1.000000,1.170782,1.000000,1.298851,0.095477,0.290553,0.358289,0,0,7,0,0,0,8,20,22,10,20,0,0,13,0,0
1,10000.000000,32646,0.150000,85,1.000000,1.038894,1.000000,1.129412,0.115903,0.309125,0.389199,0,0,5,0,0,0,9,20,21,13,17,0,0,15,0,0
1,10000.000000,12143,0.160000,84,1.000000,1.050000,1.000000,1.071429,0.090379,0.316733,0.378486,0,1,3,0,0,0,3,25,22,13,17,0,0,16,0,0
1,10000.000000,21636,0.150000,85,1.000000,0.939247,1.000000,1.247059,0.115903,0.312963,0.392593,0,1,4,0,0,0,8,22,20,15,15,0,0,15,0,0
1,10000.000000,15096,0.140000,86,1.000000,0.820977,1.000000,1.081395,0.089947,0.301294,0.364140,0,1,5,0,0,0,7,24,19,8,22,0,0,14,0,0
1,10000.000000,29696,0.170000,83,1.000000,0.914482,1.000000,1.253012,0.121662,0.328685,0.410359,0,0,3,0,0,0,9,23,18,11,19,0,0,17,0,0
1,10000.000000,12069,0.140000,86,1.000000,0.998791,1.000000,1.081395,0.077748,0.294896,0.349716,0,1,5,0,0,0,3,22,25,11,19,0,0,14,0,0
1,10000.000000,13847,0.140000,86,1.000000,1.057256,1.000000,1.430233,0.131313,0.308901,0.399651,0,1,5,0,0,0,13,20,17,14,16,0,0,14,0,0
1,10000.000000,6098,0.150000,85,1.000000,0.988012,1.000000,1.364706,0.108696,0.305660,0.381132,0,0,5,0,0,0,10,19,21,8,22,0,0,15,0,0
1,10000.000000,5928,0.150000,85,1.000000,1.140541,1.000000,1.470588,0.093923,0.306513,0.371648,0,1,4,0,0,0,5,22,23,12,18,0,0,15,0,0
1,10000.000000,21354,0.170000,83,1.000000,0.932795,1.000000,1.180723,0.116418,0.323232,0.402020,0,0,3,0,0,0,9,20,21,9,21,0,0,17,0,0
1,10000.000000,24947,0.140000,86,1.000000,1.094372,1.000000,1.267442,0.133501,0.304729,0.397548,0,0,6,0,0,0,15,17,18,11,19,0,0,14,0,0
1,10000.000000,15259,0.160000,84,1.000000,1.018905,1.000000,1.333333,0.103448,0.313609,0.384615,0,1,3,0,0,0,9,20,21,6,24,0,0,16,0,0
1,10000.000000,24873,0.160000,84,1.000000,1.022202,1.000000,1.107143,0.090379,0.307071,0.369697,0,2,2,0,0,0,5,17,28,9,21,0,0,16,0,0
1,10000.000000,21161,0.160000,84,1.000000,0.846357,1.000000,1.142857,0.123596,0.319312,0.403442,0,0,4,0,0,0,14,21,15,4,26,0,0,16,0,0
1,10000.000000,20621,0.170000,83,1.000000,0.957807,1.000000,1.096386,0.151862,0.336502,0.437262,0,1,2,0,0,0,14,22,14,13,17,0,0,17,0,0
1,10000.000000,29838,0.120000,88,1.000000,0.978966,1.000000,1.159091,0.087379,0.285962,0.348354,0,1,7,0,0,0,7,22,21,10,20,0,0,12,0,0
1,10000.000000,31128,0.170000,83,1.000000,1.054723,1.000000,1.385542,0.119048,0.330677,0.410359,0,0,3,0,0,0,9,25,16,10,20,0,0,17,0,0
1,10000.000000,926,0.150000,85,1.000000,1.067647,1.000000,1.188235,0.098901,0.309298,0.377609,0,0,5,0,0,0,7,24,19,10,20,0,0,15,0,0
1,10000.000000,11982,0.160000,84,1.000000,0.983250,1.000000,1.476190,0.106017,0.304781,0.378486,0,0,4,0,0,0,8,14,28,9,21,0,0,16,0,0
1,10000.000000,2728,0.190000,81,1.000000,0.957049,1.000000,1.074074,0.148387,0.343220,0.440678,0,0,1,0,0,0,11,17,22,12,18,0,0,19,0,0
1,10000.000000,18111,0.130000,87,1.000000,0.781011,1.000000,1.126437,0.079284,0.294224,0.350181,0,1,6,0,0,0,3,26,21,13,17,0,0,13,0,0
1,10000.000000,6222,0.150000,85,1.000000,1.137929,1.000000,1.058824,0.108696,0.310861,0.385768,0,1,4,0,0,0,8,22,20,12,18,0,0,15,0,0
1,10000.000000,18934,0.140000,86,1.000000,1.093605,1.000000,1.313953,0.101828,0.297248,0.368807,0,0,6,0,0,0,7,19,24,13,17,0,0,14,0,0
1,10000.000000,20945,0.180000,82,1.000000,0.974878,1.000000,1.158537,0.119497,0.331933,0.411765,0,0,2,0,0,0,8,20,22,10,20,0,0,18,0,0
1,10000.000000,110,0.160000,84,1.000000,1.178024,1.000000,1.357143,0.118644,0.317919,0.398844,0,0,4,0,0,0,11,21,18,8,22,0,0,16,0,0
1,10000.000000,15092,0.180000,82,1.000000,1.089085,1.000000,1.231707,0.108280,0.330490,0.402985,0,1,1,0,0,0,6,20,24,10,20,0,0,18,0,0
1,10000.000000,26482,0.180000,82,1.000000,0.871207,1.000000,1.195122,0.133127,0.338115,0.426230,0,0,2,0,0,0,8,22,20,15,15,0,0,18,0,0
1,10000.000000,3692,0.160000,84,1.000000,1.023833,1.000000,1.250000,0.106017,0.312992,0.385827,0,0,4,0,0,0,7,20,23,11,19,0,0,16,0,0
1,10000.000000,478,0.140000,86,1.000000,0.966233,1.000000,1.302326,0.108808,0.308244,0.383513,0,1,5,0,0,0,9,25,16,12,18,0,0,14,0,0
1,10000.000000,20798,0.170000,83,1.000000,1.050458,1.000000,1.289157,0.134503,0.326772,0.417323,0,1,2,0,0,0,8,18,24,18,12,0,0,17,0,0
1,10000.000000,17636,0.140000,86,1.000000,0.923802,1.000000,1.139535,0.082667,0.299065,0.357009,0,3,3,0,0,0,4,22,24,11,19,0,0,14,0,0
1,10000.000000,23917,0.120000,88,1.000000,0.950239,1.000000,1.215909,0.125581,0.288079,0.377483,0,1,7,0,0,0,15,13,22,12,18,0,0,12,0,0
1,10000.000000,5955,0.170000,83,1.000000,1.219747,1.000000,1.277108,0.146974,0.330116,0.428571,0,1,2,0,0,0,12,18,20,15,15,0,0,17,0,0
1,10000.000000,14712,0.140000,86,1.000000,1.065570,1.000000,1.139535,0.099476,0.300366,0.369963,0,1,5,0,0,0,7,21,22,12,18,0,0,14,0,0
1,10000.000000,540,0.140000,86,1.000000,0.923419,1.000000,1.162791,0.104167,0.297989,0.371115,0,1,5,0,0,0,8,18,24,12,18,0,0,14,0,0
1,10000.000000,32057,0.150000,85,1.000000,0.935141,1.000000,1.223529,0.103825,0.306818,0.378788,0,2,3,0,0,0,7,19,24,12,18,0,0,15,0,0
1,10000.000000,17789,0.160000,84,1.000000,1.078179,1.000000,1.119048,0.100865,0.316929,0.385827,0,2,2,0,0,0,8,22,20,7,23,0,0,16,0,0
1,10000.000000,10741,0.160000,84,1.000000,1.101833,1.000000,1.357143,0.074184,0.302277,0.354037,0,0,4,0,0,0,3,19,28,7,23,0,0,16,0,0
1,10000.000000,8286,0.140000,86,1.000000,0.936430,1.000000,1.279070,0.087533,0.292683,0.354597,0,0,6,0,0,0,7,19,24,7,23,0,0,14,0,0
1,10000.000000,1330,0.150000,85,1.000000,0.955953,1.000000,1.176471,0.108696,0.305660,0.381132,0,1,4,0,0,0,8,18,24,12,18,0,0,15,0,0
1,10000.000000,17398,0.160000,84,1.000000,1.034833,1.000000,1.297619,0.113636,0.317829,0.395349,0,0,4,0,0,0,9,22,19,10,20,0,0,16,0,0
1,10000.000000,21120,0.170000,83,1.000000,1.111675,1.000000,1.530120,0.103030,0.326531,0.395918,0,1,2,0,0,0,6,24,20,10,20,0,0,17,0,0
1,10000.000000,27501,0.170000,83,1.000000,1.067012,1.000000,1.216867,0.137026,0.323471,0.416174,0,0,3,0,0,0,13,16,21,9,21,0,0,17,0,0
1,10000.000000,15834,0.160000,84,1.000000,1.029845,1.000000,1.238095,0.123596,0.319312,0.403442,0,1,3,0,0,0,11,20,19,10,20,0,0,16,0,0
1,10000.000000,21641,0.140000,86,1.000000,1.125640,1.000000,1.220930,0.101828,0.301095,0.372263,0,1,5,0,0,0,8,21,21,11,19,0,0,14,0,0
1,10000.000000,25319,0.180000,82,1.000000,1.036598,1.000000,1.524390,0.141104,0.341414,0.434343,0,0,2,0,0,0,10,23,17,14,16,0,0,18,0,0
1,10000.000000,20178,0.110000,89,1.000000,0.795270,1.000000,1.134831,0.094688,0.283113,0.350993,0,3,6,0,0,0,7,20,23,15,15,0,0,11,0,0
1,10000.000000,10,0.242000,758,1.000000,1.034488,1.000000,2.034301,0.120462,0.314363,0.396956,0,10,37,0,0,0,88,168,162,103,190,0,0,153,82,7
1,10000.000000,8569,0.206000,794,1.000000,0.935199,1.000000,2.462217,0.109363,0.312412,0.387608,0,11,37,0,0,0,62,191,194,129,170,0,0,152,53,1
1,10000.000000,7347,0.197000,803,1.000000,0.955663,1.000000,2.515567,0.111007,0.315019,0.391057,0,9,36,0,0,0,73,201,186,114,184,0,0,155,40,2
1,10000.000000,11338,0.212000,788,1.000000,0.982412,1.000000,2.473350,0.109478,0.307832,0.383609,0,9,42,0,0,0,77,175,189,103,193,0,0,149,59,4
1,10000.000000,10180,0.228000,772,1.000000,0.955728,1.000000,2.366580,0.110118,0.317373,0.392542,0,5,35,0,0,0,66,191,183,106,186,0,0,160,60,8
1,10000.000000,24850,0.208000,792,1.000000,1.035732,1.000000,2.536616,0.110470,0.309363,0.385657,0,12,40,0,0,0,72,189,184,121,174,0,0,148,55,5
1,10000.000000,28894,0.236000,764,1.000000,1.029711,1.000000,2.603403,0.114148,0.325581,0.402565,0,6,28,0,0,0,56,195,181,123,175,0,0,166,68,2
1,10000.000000,5065,0.209000,791,1.000000,0.916087,1.000000,2.297092,0.111892,0.310860,0.387969,0,6,42,0,0,0,84,184,180,96,199,0,0,152,52,5
1,10000.000000,5631,0.221000,779,1.000000,0.981433,1.000000,2.439024,0.112588,0.319581,0.396188,0,10,30,0,0,0,66,193,183,115,182,0,0,160,58,3
1,10000.000000,12704,0.222000,778,1.000000,0.986418,1.000000,2.489717,0.106898,0.313374,0.386772,0,8,37,0,0,0,66,186,184,101,196,0,0,155,64,3
1,10000.000000,11144,0.220000,780,1.000000,0.979840,1.000000,2.041026,0.109957,0.303658,0.380225,0,8,47,0,0,0,78,168,189,109,181,0,0,145,65,10
1,10000.000000,25449,0.201000,799,1.000000,0.969748,1.000000,2.231539,0.107434,0.309842,0.383989,0,11,39,0,0,0,72,193,188,109,187,0,0,150,47,4
1,10000.000000,7819,0.245000,755,1.000000,0.991580,1.000000,2.341722,0.119872,0.324734,0.405680,0,9,26,0,0,0,74,186,169,109,182,0,0,165,71,9
1,10000.000000,12546,0.233000,767,1.000000,1.004177,1.000000,2.477184,0.118865,0.314363,0.395861,0,9,38,0,0,0,81,171,171,113,184,0,0,153,77,3
1,10000.000000,4537,0.213000,787,1.000000,0.991868,1.000000,2.717916,0.115802,0.313129,0.392670,0,14,34,0,0,0,81,182,181,115,180,0,0,152,56,5
1,10000.000000,6160,0.249000,751,1.000000,1.055140,1.000000,2.419441,0.120338,0.313018,0.395688,0,13,38,0,0,0,90,172,146,102,190,0,0,149,92,8
1,10000.000000,27721,0.231000,769,1.000000,0.913698,1.000000,2.256177,0.111340,0.323849,0.399131,0,6,26,0,0,0,63,196,189,105,184,0,0,168,52,11
1,10000.000000,10090,0.217000,783,1.000000,0.955925,1.000000,2.429119,0.112740,0.310469,0.388207,0,8,44,0,0,0,78,193,166,114,180,0,0,148,63,6
1,10000.000000,11030,0.221000,779,1.000000,0.942164,1.000000,2.318357,0.107141,0.311362,0.385143,0,4,40,0,0,0,67,176,198,101,193,0,0,156,59,6
1,10000.000000,22075,0.234000,766,1.000000,0.994081,1.000000,2.312010,0.104302,0.302937,0.375642,0,12,43,0,0,0,67,172,187,106,179,0,0,145,74,15
1,10000.000000,22919,0.210000,790,1.000000,1.044258,1.000000,2.487342,0.122414,0.325021,0.407648,0,7,27,0,0,0,78,190,189,122,177,0,0,166,43,1
1,10000.000000,15430,0.246000,754,1.000000,0.936959,1.000000,2.271883,0.107409,0.317935,0.391195,0,9,31,0,0,0,54,193,180,115,172,0,0,160,73,13
1,10000.000000,18319,0.224000,776,1.000000,0.917818,1.000000,2.353093,0.115631,0.307662,0.387718,0,11,43,0,0,0,91,178,165,103,185,0,0,146,66,12
1,10000.000000,7125,0.217000,783,1.000000,1.004599,1.000000,2.604087,0.112599,0.317833,0.394644,0,8,32,0,0,0,70,196,187,114,176,0,0,160,47,10
1,10000.000000,27744,0.247000,753,1.000000,1.002312,1.000000,2.568393,0.111957,0.305372,0.383140,0,8,46,0,0,0,70,172,176,124,157,0,0,146,82,19
1,10000.000000,2528,0.238000,762,1.000000,0.996042,1.000000,2.585302,0.119321,0.320017,0.401154,0,10,28,0,0,0,76,171,185,111,181,0,0,162,68,8
1,10000.000000,22236,0.216000,784,1.000000,0.969330,1.000000,2.132653,0.111922,0.315855,0.392426,0,3,38,0,0,0,72,186,190,106,189,0,0,159,52,5
1,10000.000000,5136,0.224000,776,1.000000,0.930616,1.000000,2.573454,0.112435,0.314077,0.391199,0,6,38,0,0,0,70,176,189,111,186,0,0,156,65,3
1,10000.000000,20970,0.217000,783,1.000000,0.967618,1.000000,2.584930,0.116301,0.309657,0.389944,0,14,39,0,0,0,87,175,172,110,186,0,0,147,66,4
1,10000.000000,1560,0.213000,787,1.000000,1.028245,1.000000,2.490470,0.118930,0.306006,0.388542,0,10,44,0,0,0,94,159,188,113,179,0,0,146,59,8
1,10000.000000,13527,0.232000,768,1.000000,1.000249,1.000000,2.372396,0.115981,0.313526,0.393144,0,9,36,0,0,0,82,176,177,104,184,0,0,155,65,12
1,10000.000000,15988,0.227000,773,1.000000,0.976484,1.000000,2.680466,0.113146,0.307599,0.385941,0,5,47,0,0,0,80,177,175,110,179,0,0,148,68,11
1,10000.000000,16322,0.262000,738,1.000000,0.949795,1.000000,2.233062,0.111139,0.313059,0.389405,0,8,36,0,0,0,66,170,175,105,178,0,0,156,89,17
1,10000.000000,29445,0.231000,769,1.000000,0.933865,1.000000,2.516255,0.119701,0.320627,0.401948,0,4,34,0,0,0,80,180,176,106,189,0,0,162,64,5
1,10000.000000,14525,0.212000,788,1.000000,0.996256,1.000000,2.218274,0.110812,0.304220,0.381321,0,12,48,0,0,0,78,186,170,121,173,0,0,140,66,6
1,10000.000000,4239,0.247000,753,1.000000,1.013112,1.000000,2.126162,0.104178,0.307395,0.379550,0,9,40,0,0,0,67,159,184,85,209,0,0,151,90,6
1,10000.000000,10012,0.255000,745,1.000000,0.964494,1.000000,2.551678,0.124433,0.316695,0.401721,0,6,35,0,0,0,88,153,175,104,184,0,0,159,84,12
1,10000.000000,8402,0.242000,758,1.000000,1.017699,1.000000,2.339050,0.111629,0.314184,0.390741,0,11,37,0,0,0,69,182,162,107,190,0,0,152,87,3
1,10000.000000,21020,0.237000,763,1.000000,0.988887,1.000000,2.515072,0.114027,0.317775,0.395567,0,11,29,0,0,0,72,178,183,105,185,0,0,160,67,10
1,10000.000000,20105,0.214000,786,1.000000,0.977204,1.000000,2.480916,0.112103,0.307784,0.385383,0,13,42,0,0,0,77,188,174,121,171,0,0,145,61,8
1,10000.000000,28887,0.215000,785,1.000000,0.978721,1.000000,2.424204,0.109889,0.312307,0.387878,0,7,39,0,0,0,71,182,189,107,190,0,0,154,58,3
1,10000.000000,9896,0.225000,775,1.000000,0.968097,1.000000,2.212903,0.115335,0.319404,0.397900,0,4,35,0,0,0,72,193,179,113,179,0,0,161,56,8
1,10000.000000,29701,0.235000,765,1.000000,0.927549,1.000000,2.650980,0.107224,0.318947,0.391972,0,6,31,0,0,0,65,197,180,94,192,0,0,163,58,14
1,10000.000000,4398,0.236000,764,1.000000,1.030220,1.000000,2.585079,0.117128,0.321222,0.400727,0,11,27,0,0,0,73,179,179,108,187,0,0,162,69,5
1,10000.000000,1990,0.220000,780,1.000000,1.000942,1.000000,2.696154,0.116806,0.316218,0.396088,0,6,40,0,0,0,82,197,160,110,185,0,0,154,61,5
1,10000.000000,29735,0.241000,759,1.000000,0.963249,1.000000,2.407115,0.118428,0.316828,0.397734,0,11,33,0,0,0,74,181,171,122,167,0,0,156,74,11
1,10000.000000,8696,0.217000,783,1.000000,0.926605,1.000000,2.684547,0.109836,0.312261,0.387799,0,8,43,0,0,0,78,209,152,102,191,0,0,149,61,7
1,10000.000000,12723,0.226000,774,1.000000,0.952990,1.000000,2.189922,0.115938,0.310603,0.390530,0,1,49,0,0,0,82,194,163,117,168,0,0,150,61,15
1,10000.000000,29766,0.246000,754,1.000000,0.962118,1.000000,2.838196,0.113644,0.317858,0.395379,0,6,34,0,0,0,66,179,179,111,179,0,0,160,76,10
1,10000.000000,14957,0.223000,777,1.000000,0.936969,1.000000,2.198198,0.107480,0.308188,0.382544,0,10,38,0,0,0,69,160,203,101,196,0,0,152,68,3
1,10000.000000,21620,0.217000,783,1.000000,1.000138,1.000000,2.941252,0.112686,0.308983,0.386851,0,11,45,0,0,0,80,202,154,118,173,0,0,144,64,9
1,10000.000000,3580,0.221000,779,1.000000,1.022569,1.000000,2.435173,0.107782,0.307600,0.382228,0,12,42,0,0,0,72,195,170,112,176,0,0,146,63,12
1,10000.000000,16743,0.224000,776,1.000000,1.012510,1.000000,2.498711,0.110347,0.310084,0.386214,0,6,43,0,0,0,73,189,177,111,177,0,0,151,61,12
1,10000.000000,32646,0.219000,781,1.000000,1.015810,1.000000,1.998720,0.117538,0.315262,0.395745,0,12,33,0,0,0,77,177,186,121,175,0,0,155,60,4
1,10000.000000,12143,0.214000,786,1.000000,0.954641,1.000000,2.237913,0.103991,0.311279,0.382899,0,8,42,0,0,0,58,205,176,117,180,0,0,150,61,3
1,10000.000000,21636,0.217000,783,1.000000,0.953700,1.000000,2.210728,0.111431,0.315465,0.391744,0,7,37,0,0,0,70,200,178,115,176,0,0,156,52,9
1,10000.000000,15096,0.233000,767,1.000000,0.917778,1.000000,2.086050,0.103652,0.310366,0.381848,0,7,43,0,0,0,62,199,165,103,188,0,0,150,74,9
1,10000.000000,29696,0.229000,771,1.000000,1.025091,1.000000,2.094682,0.112260,0.311401,0.388703,0,8,39,0,0,0,71,179,185,116,173,0,0,153,65,11
1,10000.000000,12069,0.238000,762,1.000000,0.912927,1.000000,2.374016,0.113286,0.315019,0.392618,0,12,31,0,0,0,69,170,188,111,181,0,0,157,73,8
1,10000.000000,13847,0.237000,763,1.000000,1.032325,1.000000,2.432503,0.120586,0.316064,0.398538,0,7,36,0,0,0,80,176,177,120,167,0,0,157,67,13
1,10000.000000,6098,0.213000,787,1.000000,0.943504,1.000000,2.768742,0.114244,0.311565,0.390214,0,8,40,0,0,0,77,180,187,117,178,0,0,152,56,5
1,10000.000000,5928,0.232000,768,1.000000,0.988044,1.000000,2.531250,0.116918,0.317417,0.397223,0,11,30,0,0,0,78,176,182,107,184,0,0,159,64,9
1,10000.000000,21354,0.229000,771,1.000000,1.038947,1.000000,2.785992,0.117810,0.317590,0.397985,0,5,36,0,0,0,72,177,186,121,174,0,0,159,65,5
1,10000.000000,24947,0.208000,792,1.000000,0.975574,1.000000,2.078283,0.121760,0.318062,0.401095,0,11,31,0,0,0,90,177,184,110,189,0,0,158,49,1
1,10000.000000,15259,0.213000,787,1.000000,0.983825,1.000000,2.303685,0.108318,0.314602,0.388843,0,8,38,0,0,0,73,197,171,96,204,0,0,154,59,0
1,10000.000000,24873,0.230000,770,1.000000,1.011749,1.000000,2.161039,0.108827,0.310977,0.385961,0,8,40,0,0,0,68,178,181,106,189,0,0,152,73,5
1,10000.000000,21161,0.213000,787,1.000000,1.002564,1.000000,2.017789,0.106263,0.314503,0.387346,0,7,38,0,0,0,66,206,176,105,189,0,0,155,52,6
1,10000.000000,20621,0.218000,782,1.000000,0.922087,1.000000,2.313299,0.117555,0.315984,0.396393,0,9,35,0,0,0,77,181,184,120,176,0,0,156,58,4
1,10000.000000,29838,0.253000,747,1.000000,1.044100,1.000000,2.602410,0.104271,0.306513,0.378824,0,8,47,0,0,0,63,187,154,103,185,0,0,145,96,12
1,10000.000000,31128,0.242000,758,1.000000,0.964146,1.000000,2.899736,0.112204,0.312553,0.389687,0,11,36,0,0,0,69,168,179,109,186,0,0,153,84,5
1,10000.000000,926,0.226000,774,1.000000,1.084093,1.000000,2.267442,0.113981,0.314614,0.392735,0,4,38,0,0,0,76,182,186,107,181,0,0,158,56,12
1,10000.000000,11982,0.213000,787,1.000000,0.962677,1.000000,2.280813,0.112702,0.306923,0.385034,0,10,42,0,0,0,81,172,191,112,179,0,0,148,56,9
1,10000.000000,2728,0.229000,771,1.000000,0.994486,1.000000,2.332036,0.119052,0.317362,0.398631,0,10,34,0,0,0,84,179,167,105,192,0,0,156,70,3
1,10000.000000,18111,0.204000,796,1.000000,0.968877,1.000000,2.518844,0.109517,0.310805,0.386284,0,8,42,0,0,0,73,200,179,115,179,0,0,150,48,6
1,10000.000000,6222,0.208000,792,1.000000,1.034177,1.000000,2.118687,0.117888,0.317749,0.398179,0,10,33,0,0,0,85,193,175,109,187,0,0,157,47,4
1,10000.000000,18934,0.238000,762,1.000000,0.968047,1.000000,2.524934,0.112540,0.306788,0.384802,0,9,47,0,0,0,76,187,158,119,166,0,0,144,79,15
1,10000.000000,20945,0.203000,797,1.000000,1.015655,1.000000,2.468005,0.114294,0.309670,0.388570,0,7,45,0,0,0,89,183,173,101,199,0,0,148,55,0
1,10000.000000,110,0.226000,774,1.000000,0.985178,1.000000,2.586563,0.109300,0.307504,0.383194,0,11,41,0,0,0,72,173,184,109,184,0,0,148,71,7
1,10000.000000,15092,0.212000,788,1.000000,0.955010,1.000000,2.189086,0.112719,0.312888,0.390339,0,10,40,0,0,0,78,199,165,112,184,0,0,150,58,4
1,10000.000000,26482,0.250000,750,1.000000,0.956787,1.000000,2.138667,0.112299,0.309064,0.386655,0,9,41,0,0,0,77,175,166,103,179,0,0,150,82,18
1,10000.000000,3692,0.223000,777,1.000000,0.995212,1.000000,2.660232,0.113339,0.315424,0.393013,0,12,35,0,0,0,81,200,157,101,191,0,0,153,62,8
1,10000.000000,478,0.217000,783,1.000000,0.956103,1.000000,2.588761,0.099272,0.312904,0.381113,0,15,31,0,0,0,58,197,184,92,206,0,0,154,61,2
1,10000.000000,20798,0.209000,791,1.000000,0.968866,1.000000,2.403287,0.119066,0.317327,0.398611,0,5,36,0,0,0,80,181,192,119,178,0,0,159,47,3
1,10000.000000,17636,0.221000,779,1.000000,0.917526,1.000000,2.305520,0.114822,0.315953,0.394496,0,9,34,0,0,0,74,183,185,114,180,0,0,157,58,6
1,10000.000000,23917,0.246000,754,1.000000,0.915736,1.000000,2.438992,0.107720,0.304430,0.379356,0,8,45,0,0,0,73,166,178,99,185,0,0,147,83,16
1,10000.000000,5955,0.216000,784,1.000000,1.036820,1.000000,2.192602,0.117894,0.313642,0.394559,0,11,36,0,0,0,77,172,189,125,174,0,0,153,62,1
1,10000.000000,14712,0.211000,789,1.000000,1.040990,1.000000,2.675539,0.119093,0.312762,0.394608,0,9,40,0,0,0,90,180,173,111,186,0,0,151,57,3
1,10000.000000,540,0.233000,767,1.000000,0.943120,1.000000,2.153846,0.108848,0.310633,0.385670,0,7,40,0,0,0,72,181,179,100,188,0,0,153,68,12
1,10000.000000,32057,0.213000,787,1.000000,0.953889,1.000000,2.489199,0.110249,0.316477,0.391834,0,7,34,0,0,0,72,193,187,102,192,0,0,159,48,6
1,10000.000000,17789,0.217000,783,1.000000,1.026161,1.000000,2.210728,0.115230,0.312918,0.392091,0,10,37,0,0,0,84,185,176,106,185,0,0,153,55,9
1,10000.000000,10741,0.232000,768,1.000000,1.013428,1.000000,2.510417,0.106197,0.310142,0.383403,0,11,36,0,0,0,66,178,188,102,187,0,0,153,68,11
1,10000.000000,8286,0.220000,780,1.000000,0.897758,1.000000,2.557692,0.112339,0.315690,0.392565,0,4,36,0,0,0,68,176,201,112,183,0,0,160,55,5
1,10000.000000,1330,0.220000,780,1.000000,1.021658,1.000000,2.252564,0.113105,0.311102,0.389020,0,10,38,0,0,0,78,184,182,112,176,0,0,152,56,12
1,10000.000000,17398,0.226000,774,1.000000,0.961853,1.000000,2.338501,0.118460,0.325314,0.405237,0,7,27,0,0,0,69,194,181,119,177,0,0,166,56,4
1,10000.000000,21120,0.216000,784,1.000000,0.985376,1.000000,2.492347,0.118461,0.317323,0.398194,0,10,33,0,0,0,80,178,183,114,186,0,0,157,59,0
1,10000.000000,27501,0.217000,783,1.000000,0.998978,1.000000,2.803321,0.114378,0.311956,0.390653,0,6,43,0,0,0,79,187,173,113,182,0,0,151,61,5
1,10000.000000,15834,0.207000,793,1.000000,0.972439,1.000000,2.293821,0.104827,0.304365,0.377286,0,13,45,0,0,0,72,187,178,106,192,0,0,142,63,2
1,10000.000000,21641,0.233000,767,1.000000,0.993961,1.000000,2.301173,0.116898,0.308715,0.389525,0,13,39,0,0,0,84,157,179,109,186,0,0,148,80,5
1,10000.000000,25319,0.201000,799,1.000000,0.946205,1.000000,2.410513,0.112161,0.310002,0.387393,0,8,42,0,0,0,78,184,189,114,184,0,0,150,49,2
1,10000.000000,20178,0.215000,785,1.000000,0.919507,1.000000,2.612739,0.108024,0.312616,0.386870,0,7,38,0,0,0,69,191,188,106,186,0,0,155,52,8
1,10000.000000,10,0.763000,237,1.000000,0.612684,1.000000,1.312236,0.129973,0.329181,0.416370,0,0,24,0,0,0,0,108,0,105,0,0,0,176,392,195
1,10000.000000,8569,0.717000,283,1.000000,0.618389,1.000000,1.399293,0.140854,0.338710,0.431855,0,0,26,0,0,0,0,125,0,132,0,0,0,174,375,168
1,10000.000000,7347,0.807000,193,1.000000,0.671870,1.000000,1.435233,0.116084,0.306787,0.387258,0,0,26,0,0,0,0,84,0,83,0,0,0,174,416,217
1,10000.000000,11338,0.769000,231,1.000000,0.742987,1.000000,1.164502,0.133020,0.338107,0.426152,0,0,20,0,0,0,0,110,0,101,0,0,0,180,390,199
1,10000.000000,10180,0.788000,212,1.000000,0.643906,1.000000,1.301887,0.094680,0.298101,0.364557,0,0,28,0,0,0,0,109,0,75,0,0,0,172,391,225
1,10000.000000,10,0.763000,237,1.000000,0.612684,1.000000,1.312236,0.129973,0.329181,0.416370,0,0,24,0,0,0,0,108,0,105,0,0,0,176,392,195
1,10000.000000,8569,0.717000,283,1.000000,0.618389,1.000000,1.399293,0.140854,0.338710,0.431855,0,0,26,0,0,0,0,125,0,132,0,0,0,174,375,168
1,10000.000000,7347,0.807000,193,1.000000,0.671870,1.000000,1.435233,0.116084,0.306787,0.387258,0,0,26,0,0,0,0,84,0,83,0,0,0,174,416,217
1,10000.000000,11338,0.769000,231,1.000000,0.742987,1.000000,1.164502,0.133020,0.338107,0.426152,0,0,20,0,0,0,0,110,0,101,0,0,0,180,390,199
1,10000.000000,10180,0.788000,212,1.000000,0.643906,1.000000,1.301887,0.094680,0.298101,0.364557,0,0,28,0,0,0,0,109,0,75,0,0,0,172,391,225
1,10000.000000,24850,0.739000,261,1.000000,0.690211,1.000000,1.448276,0.149445,0.348358,0.445743,0,0,21,0,0,0,0,115,0,125,0,0,0,179,385,175
1,10000.000000,28894,0.717000,283,1.000000,0.625640,1.000000,1.575972,0.135135,0.339959,0.429154,0,0,24,0,0,0,0,134,0,125,0,0,0,176,366,175
1,10000.000000,5065,0.764000,236,1.000000,0.683267,1.000000,1.262712,0.139636,0.326912,0.420899,0,0,27,0,0,0,0,94,0,115,0,0,0,173,406,185
1,10000.000000,5631,0.777000,223,1.000000,0.758269,1.000000,1.340807,0.128215,0.325218,0.411735,0,0,24,0,0,0,0,100,0,99,0,0,0,176,400,201
1,10000.000000,12704,0.768000,232,1.000000,0.623901,1.000000,1.439655,0.125411,0.330477,0.414443,0,0,22,0,0,0,0,112,0,98,0,0,0,178,388,202
1,10000.000000,11144,0.793000,207,1.000000,0.822841,1.000000,1.434783,0.154930,0.335117,0.438127,0,0,23,0,0,0,0,74,0,110,0,0,0,177,426,190
1,10000.000000,25449,0.716000,284,1.000000,0.680282,1.000000,1.359155,0.151259,0.356508,0.453842,0,0,19,0,0,0,0,132,0,133,0,0,0,181,368,167
1,10000.000000,7819,0.778000,222,1.000000,0.664414,1.000000,1.184685,0.134615,0.334613,0.424184,0,0,21,0,0,0,0,101,0,100,0,0,0,179,399,200
1,10000.000000,12546,0.767000,233,1.000000,0.647515,1.000000,1.557940,0.119497,0.325863,0.406420,0,0,23,0,0,0,0,115,0,95,0,0,0,177,385,205
1,10000.000000,4537,0.778000,222,1.000000,0.795743,1.000000,1.355856,0.109074,0.316416,0.390977,0,0,24,0,0,0,0,113,0,85,0,0,0,176,387,215
1,10000.000000,6160,0.799000,201,1.000000,0.707856,1.000000,1.203980,0.120988,0.323591,0.405428,0,0,21,0,0,0,0,96,0,84,0,0,0,179,404,216
1,10000.000000,27721,0.748000,252,1.000000,0.713817,1.000000,1.226190,0.122286,0.322830,0.405638,0,0,27,0,0,0,0,118,0,107,0,0,0,173,382,193
1,10000.000000,10090,0.776000,224,1.000000,0.608076,1.000000,1.330357,0.138104,0.338875,0.430179,0,0,20,0,0,0,0,102,0,102,0,0,0,180,398,198
1,10000.000000,11030,0.762000,238,1.000000,0.553185,1.000000,1.100840,0.129432,0.320853,0.408756,0,0,28,0,0,0,0,101,0,109,0,0,0,172,399,191
1,10000.000000,22075,0.767000,233,1.000000,0.658506,1.000000,1.231760,0.118222,0.323105,0.403129,0,0,24,0,0,0,0,114,0,95,0,0,0,176,386,205
1,10000.000000,22919,0.761000,239,1.000000,0.699837,1.000000,1.230126,0.123567,0.335550,0.417654,0,0,20,0,0,0,0,122,0,97,0,0,0,180,378,203
1,10000.000000,15430,0.739000,261,1.000000,0.736433,1.000000,1.379310,0.119936,0.325594,0.406479,0,0,26,0,0,0,0,128,0,107,0,0,0,174,372,193
1,10000.000000,18319,0.724000,276,1.000000,0.678866,1.000000,1.177536,0.137846,0.334357,0.426114,0,0,27,0,0,0,0,121,0,128,0,0,0,173,379,172
1,10000.000000,7125,0.757000,243,1.000000,0.690082,1.000000,1.637860,0.132632,0.333723,0.422092,0,0,23,0,0,0,0,112,0,108,0,0,0,177,388,192
1,10000.000000,27744,0.741000,259,1.000000,0.640328,1.000000,1.324324,0.142515,0.345098,0.438431,0,0,21,0,0,0,0,119,0,119,0,0,0,179,381,181
1,10000.000000,2528,0.760000,240,1.000000,0.665383,1.000000,1.220833,0.128596,0.327114,0.413644,0,0,25,0,0,0,0,109,0,106,0,0,0,175,391,194
1,10000.000000,22236,0.795000,205,1.000000,0.671644,1.000000,1.175610,0.114976,0.312292,0.391362,0,0,25,0,0,0,0,95,0,85,0,0,0,175,405,215
1,10000.000000,5136,0.751000,249,1.000000,0.698550,1.000000,1.461847,0.152425,0.354019,0.452482,0,0,18,0,0,0,0,112,0,119,0,0,0,182,388,181
1,10000.000000,20970,0.804000,196,1.000000,0.777903,1.000000,1.387755,0.118841,0.318759,0.399718,0,0,22,0,0,0,0,92,0,82,0,0,0,178,408,218
1,10000.000000,1560,0.737000,263,1.000000,0.616281,1.000000,1.243346,0.142763,0.339848,0.434093,0,0,24,0,0,0,0,115,0,124,0,0,0,176,385,176
1,10000.000000,13527,0.796000,204,1.000000,0.686559,1.000000,1.181373,0.139442,0.325269,0.419355,0,0,24,0,0,0,0,80,0,100,0,0,0,176,420,200
1,10000.000000,15988,0.743000,257,1.000000,0.672794,1.000000,1.451362,0.137800,0.334618,0.426307,0,0,25,0,0,0,0,113,0,119,0,0,0,175,387,181
1,10000.000000,16322,0.705000,295,1.000000,0.721614,1.000000,1.318644,0.136782,0.333652,0.424797,0,0,29,0,0,0,0,130,0,136,0,0,0,171,370,164
1,10000.000000,29445,0.783000,217,1.000000,0.664055,1.000000,1.506912,0.100719,0.304565,0.374609,0,0,27,0,0,0,0,110,0,80,0,0,0,173,390,220
1,10000.000000,14525,0.763000,237,1.000000,0.734055,1.000000,1.248945,0.117710,0.328125,0.407212,0,0,22,0,0,0,0,121,0,94,0,0,0,178,379,206
1,10000.000000,4239,0.759000,241,1.000000,0.724689,1.000000,1.966805,0.151423,0.354562,0.452296,0,0,17,0,0,0,0,110,0,114,0,0,0,183,390,186
1,10000.000000,10012,0.755000,245,1.000000,0.724355,1.000000,1.363265,0.152984,0.351400,0.450625,0,0,19,0,0,0,0,107,0,119,0,0,0,181,393,181
1,10000.000000,8402,0.768000,232,1.000000,0.579323,1.000000,1.383621,0.132415,0.333537,0.421787,0,0,22,0,0,0,0,107,0,103,0,0,0,178,393,197
1,10000.000000,21020,0.755000,245,1.000000,0.743571,1.000000,1.359184,0.136788,0.329727,0.421412,0,0,26,0,0,0,0,104,0,115,0,0,0,174,396,185
1,10000.000000,20105,0.786000,214,1.000000,0.790930,1.000000,1.439252,0.123846,0.323357,0.407157,0,0,23,0,0,0,0,99,0,92,0,0,0,177,401,208
1,10000.000000,28887,0.770000,230,1.000000,0.837000,1.000000,1.317391,0.115294,0.323331,0.401347,0,0,23,0,0,0,0,116,0,91,0,0,0,177,384,209
1,10000.000000,9896,0.753000,247,1.000000,0.643105,1.000000,1.303644,0.140000,0.335624,0.428637,0,0,24,0,0,0,0,107,0,116,0,0,0,176,393,184
1,10000.000000,29701,0.740000,260,1.000000,0.660808,1.000000,1.415385,0.154730,0.356655,0.456200,0,0,18,0,0,0,0,117,0,125,0,0,0,182,383,175
1,10000.000000,4398,0.752000,248,1.000000,0.590456,1.000000,1.326613,0.135640,0.336014,0.426077,0,0,23,0,0,0,0,113,0,112,0,0,0,177,387,188
1,10000.000000,1990,0.803000,197,1.000000,0.643142,1.000000,1.289340,0.132570,0.325140,0.414607,0,0,22,0,0,0,0,84,0,91,0,0,0,178,416,209
1,10000.000000,29735,0.749000,251,1.000000,0.740251,1.000000,1.565737,0.129010,0.333712,0.419670,0,0,23,0,0,0,0,120,0,108,0,0,0,177,380,192
1,10000.000000,8696,0.765000,235,1.000000,0.703506,1.000000,1.344681,0.122850,0.321344,0.404717,0,0,26,0,0,0,0,108,0,101,0,0,0,174,392,199
1,10000.000000,12723,0.800000,200,1.000000,0.750070,1.000000,1.210000,0.138586,0.323770,0.417486,0,0,24,0,0,0,0,78,0,98,0,0,0,176,422,202
1,10000.000000,29766,0.760000,240,1.000000,0.744992,1.000000,1.225000,0.150523,0.354026,0.451260,0,0,17,0,0,0,0,110,0,113,0,0,0,183,390,187
1,10000.000000,14957,0.795000,205,1.000000,0.654088,1.000000,1.224390,0.106679,0.303864,0.378127,0,0,27,0,0,0,0,97,0,81,0,0,0,173,403,219
1,10000.000000,21620,0.782000,218,1.000000,0.640601,1.000000,1.252294,0.117949,0.314931,0.395734,0,0,26,0,0,0,0,100,0,92,0,0,0,174,400,208
1,10000.000000,3580,0.773000,227,1.000000,0.710128,1.000000,1.462555,0.133458,0.332918,0.421945,0,0,22,0,0,0,0,103,0,102,0,0,0,178,397,198
1,10000.000000,16743,0.720000,280,1.000000,0.620404,1.000000,1.625000,0.128049,0.332655,0.418108,0,0,26,0,0,0,0,134,0,120,0,0,0,174,366,180
1,10000.000000,32646,0.800000,200,1.000000,0.799360,1.000000,1.195000,0.135766,0.329839,0.420825,0,0,21,0,0,0,0,86,0,93,0,0,0,179,414,207
1,10000.000000,12143,0.756000,244,1.000000,0.799410,1.000000,1.446721,0.143268,0.342773,0.436932,0,0,21,0,0,0,0,109,0,114,0,0,0,179,391,186
1,10000.000000,21636,0.733000,267,1.000000,0.637944,1.000000,1.569288,0.139884,0.343275,0.435141,0,0,22,0,0,0,0,124,0,121,0,0,0,178,376,179
1,10000.000000,15096,0.758000,242,1.000000,0.649112,1.000000,1.252066,0.118954,0.313131,0.394837,0,0,30,0,0,0,0,108,0,104,0,0,0,170,392,196
1,10000.000000,29696,0.800000,200,1.000000,0.621955,1.000000,1.210000,0.108325,0.307797,0.382780,0,0,25,0,0,0,0,96,0,79,0,0,0,175,404,221
1,10000.000000,12069,0.768000,232,1.000000,0.727668,1.000000,1.254310,0.143925,0.340727,0.435613,0,0,21,0,0,0,0,101,0,110,0,0,0,179,399,190
1,10000.000000,13847,0.744000,256,1.000000,0.585809,1.000000,1.238281,0.123164,0.324059,0.407310,0,0,27,0,0,0,0,120,0,109,0,0,0,173,380,191
1,10000.000000,6098,0.770000,230,1.000000,0.683891,1.000000,1.460870,0.126345,0.328230,0.413105,0,0,23,0,0,0,0,108,0,99,0,0,0,177,392,201
1,10000.000000,5928,0.780000,220,1.000000,0.644318,1.000000,1.218182,0.143662,0.345191,0.439262,0,0,18,0,0,0,0,100,0,102,0,0,0,182,400,198
1,10000.000000,21354,0.760000,240,1.000000,0.683542,1.000000,1.229167,0.131367,0.334721,0.422117,0,0,22,0,0,0,0,113,0,105,0,0,0,178,387,195
1,10000.000000,24947,0.729000,271,1.000000,0.605974,1.000000,1.177122,0.135202,0.332293,0.422569,0,0,27,0,0,0,0,120,0,124,0,0,0,173,380,176
1,10000.000000,15259,0.777000,223,1.000000,0.782049,1.000000,1.255605,0.157100,0.349063,0.451325,0,0,19,0,0,0,0,91,0,113,0,0,0,181,409,187
1,10000.000000,24873,0.772000,228,1.000000,0.690693,1.000000,1.460526,0.128691,0.331056,0.417143,0,0,22,0,0,0,0,107,0,99,0,0,0,178,393,201
1,10000.000000,21161,0.745000,255,1.000000,0.626573,1.000000,1.400000,0.142713,0.338350,0.432776,0,0,24,0,0,0,0,110,0,121,0,0,0,176,390,179
1,10000.000000,20621,0.763000,237,1.000000,0.700789,1.000000,1.540084,0.161338,0.349062,0.454083,0,0,21,0,0,0,0,92,0,124,0,0,0,179,408,176
1,10000.000000,29838,0.741000,259,1.000000,0.662046,1.000000,1.791506,0.129317,0.327391,0.414371,0,0,27,0,0,0,0,117,0,115,0,0,0,173,383,185
1,10000.000000,31128,0.805000,195,1.000000,0.734764,1.000000,1.287179,0.148807,0.336691,0.435396,0,0,20,0,0,0,0,77,0,98,0,0,0,180,423,202
1,10000.000000,926,0.801000,199,1.000000,0.847382,1.000000,1.311558,0.125131,0.327440,0.411598,0,0,20,0,0,0,0,94,0,85,0,0,0,180,406,215
1,10000.000000,11982,0.753000,247,1.000000,0.677842,1.000000,1.530364,0.143993,0.337342,0.432761,0,0,24,0,0,0,0,104,0,119,0,0,0,176,396,181
1,10000.000000,2728,0.754000,246,1.000000,0.668390,1.000000,1.329268,0.140873,0.342121,0.434798,0,0,21,0,0,0,0,112,0,113,0,0,0,179,388,187
1,10000.000000,18111,0.780000,220,1.000000,0.748045,1.000000,1.236364,0.129730,0.332044,0.418698,0,0,21,0,0,0,0,103,0,96,0,0,0,179,397,204
1,10000.000000,6222,0.774000,226,1.000000,0.666252,1.000000,1.327434,0.121300,0.320662,0.403066,0,0,25,0,0,0,0,105,0,96,0,0,0,175,395,204
1,10000.000000,18934,0.740000,260,1.000000,0.652227,1.000000,1.434615,0.134118,0.339623,0.428191,0,0,22,0,0,0,0,124,0,114,0,0,0,178,376,186
1,10000.000000,20945,0.786000,214,1.000000,0.644350,1.000000,1.331776,0.105488,0.310455,0.383194,0,0,25,0,0,0,0,108,0,81,0,0,0,175,392,219
1,10000.000000,110,0.752000,248,1.000000,0.693399,1.000000,1.439516,0.109850,0.320476,0.395122,0,0,25,0,0,0,0,129,0,94,0,0,0,175,371,206
1,10000.000000,15092,0.778000,222,1.000000,0.638315,1.000000,1.441441,0.119844,0.332901,0.412849,0,0,19,0,0,0,0,115,0,88,0,0,0,181,385,212
1,10000.000000,26482,0.756000,244,1.000000,0.739738,1.000000,1.295082,0.144654,0.343363,0.438348,0,0,21,0,0,0,0,108,0,115,0,0,0,179,392,185
1,10000.000000,3692,0.770000,230,1.000000,0.650857,1.000000,1.430435,0.126405,0.313450,0.400234,0,0,30,0,0,0,0,94,0,106,0,0,0,170,406,194
1,10000.000000,478,0.742000,258,1.000000,0.727802,1.000000,1.782946,0.147764,0.355620,0.450836,0,0,17,0,0,0,0,123,0,118,0,0,0,183,377,182
1,10000.000000,20798,0.732000,268,1.000000,0.686287,1.000000,1.391791,0.144354,0.343364,0.438152,0,0,23,0,0,0,0,119,0,126,0,0,0,177,381,174
1,10000.000000,17636,0.770000,230,1.000000,0.637891,1.000000,1.347826,0.122232,0.324209,0.406813,0,0,24,0,0,0,0,109,0,97,0,0,0,176,391,203
1,10000.000000,23917,0.729000,271,1.000000,0.562926,1.000000,1.490775,0.132815,0.331253,0.420073,0,0,27,0,0,0,0,122,0,122,0,0,0,173,378,178
1,10000.000000,5955,0.806000,194,1.000000,0.642624,1.000000,1.582474,0.126180,0.326590,0.411561,0,0,20,0,0,0,0,90,0,84,0,0,0,180,410,216
1,10000.000000,14712,0.766000,234,1.000000,0.943949,1.000000,1.307692,0.146931,0.356278,0.450860,0,0,15,0,0,0,0,113,0,106,0,0,0,185,387,194
1,10000.000000,540,0.764000,236,1.000000,0.657720,1.000000,1.288136,0.138971,0.339405,0.431208,0,0,21,0,0,0,0,107,0,108,0,0,0,179,393,192
1,10000.000000,32057,0.779000,221,1.000000,0.644317,1.000000,1.185520,0.139336,0.331856,0.424953,0,0,23,0,0,0,0,93,0,105,0,0,0,177,407,195
1,10000.000000,17789,0.786000,214,1.000000,0.722374,1.000000,1.401869,0.158824,0.352821,0.455608,0,0,17,0,0,0,0,89,0,108,0,0,0,183,411,192
1,10000.000000,10741,0.787000,213,1.000000,0.697268,1.000000,1.169014,0.127273,0.320026,0.406568,0,0,25,0,0,0,0,92,0,96,0,0,0,175,408,204
1,10000.000000,8286,0.757000,243,1.000000,0.647074,1.000000,1.563786,0.138133,0.338235,0.429647,0,0,22,0,0,0,0,110,0,111,0,0,0,178,390,189
1,10000.000000,1330,0.754000,246,1.000000,0.739821,1.000000,1.252033,0.138028,0.338766,0.430035,0,0,22,0,0,0,0,112,0,112,0,0,0,178,388,188
1,10000.000000,17398,0.745000,255,1.000000,0.708071,1.000000,1.282353,0.142857,0.340437,0.434661,0,0,23,0,0,0,0,112,0,120,0,0,0,177,388,180
1,10000.000000,21120,0.777000,223,1.000000,0.665516,1.000000,1.309417,0.116157,0.308992,0.389258,0,0,29,0,0,0,0,99,0,95,0,0,0,171,401,205
1,10000.000000,27501,0.754000,246,1.000000,0.676671,1.000000,1.191057,0.131175,0.329526,0.417476,0,0,25,0,0,0,0,111,0,110,0,0,0,175,389,190
1,10000.000000,15834,0.756000,244,1.000000,0.695902,1.000000,1.565574,0.154982,0.352062,0.452481,0,0,19,0,0,0,0,105,0,120,0,0,0,181,395,180
1,10000.000000,21641,0.825000,175,1.000000,0.787491,1.000000,1.451429,0.116793,0.303396,0.384755,0,0,25,0,0,0,0,73,0,77,0,0,0,175,427,223
1,10000.000000,25319,0.749000,251,1.000000,0.642426,1.000000,1.286853,0.126405,0.332575,0.416941,0,0,23,0,0,0,0,122,0,106,0,0,0,177,378,194
1,10000.000000,20178,0.795000,205,1.000000,0.649854,1.000000,1.365854,0.140562,0.328388,0.422792,0,0,23,0,0,0,0,82,0,100,0,0,0,177,418,200
1,10000.000000,10,0.200000,80,1.000000,0.839813,1.000000,1.112500,0.075594,0.269716,0.324921,0,0,14,0,0,0,0,41,0,25,0,0,0,6,9,5
1,10000.000000,8569,0.160000,84,1.000000,0.759250,1.000000,1.404762,0.081363,0.266176,0.325882,0,0,16,0,0,0,0,39,0,29,0,0,0,4,11,1
1,10000.000000,7347,0.280000,72,1.000000,0.971653,1.000000,1.777778,0.068657,0.242326,0.294346,0,0,17,0,0,0,0,32,0,23,0,0,0,3,18,7
1,10000.000000,11338,0.310000,69,1.000000,0.876971,1.000000,1.057971,0.070968,0.250432,0.303627,0,0,15,0,0,0,0,32,0,22,0,0,0,5,18,8
1,10000.000000,10180,0.350000,65,1.000000,0.908846,1.000000,1.646154,0.051852,0.219388,0.259864,0,0,18,0,0,0,0,30,0,17,0,0,0,2,20,13
1,10000.000000,24850,0.330000,67,1.000000,1.040657,1.000000,1.507463,0.077064,0.245675,0.303806,0,0,16,0,0,0,0,27,0,24,0,0,0,4,23,6
1,10000.000000,28894,0.170000,83,1.000000,0.897916,1.000000,2.289157,0.086200,0.277607,0.339877,0,0,14,0,0,0,0,40,0,29,0,0,0,6,10,1
1,10000.000000,5065,0.280000,72,1.000000,0.994514,1.000000,1.638889,0.065532,0.240711,0.290468,0,0,17,0,0,0,0,33,0,22,0,0,0,3,17,8
1,10000.000000,5631,0.200000,80,1.000000,1.119688,1.000000,1.250000,0.076793,0.265116,0.321550,0,0,15,0,0,0,0,39,0,26,0,0,0,5,11,4
1,10000.000000,12704,0.310000,69,1.000000,0.907464,1.000000,1.463768,0.084651,0.257340,0.320207,0,0,15,0,0,0,0,28,0,26,0,0,0,5,22,4
1,10000.000000,11144,0.170000,83,1.000000,1.218952,1.000000,1.361446,0.080992,0.269985,0.329110,0,0,15,0,0,0,0,40,0,28,0,0,0,5,10,2
1,10000.000000,25449,0.180000,82,1.000000,0.831183,1.000000,1.536585,0.081667,0.269406,0.329072,0,0,15,0,0,0,0,39,0,28,0,0,0,5,11,2
1,10000.000000,7819,0.400000,60,1.000000,0.867417,1.000000,1.283333,0.066038,0.224863,0.276051,0,0,17,0,0,0,0,23,0,20,0,0,0,3,27,10
1,10000.000000,12546,0.350000,65,1.000000,0.951769,1.000000,1.815385,0.073016,0.235702,0.291508,0,0,17,0,0,0,0,25,0,23,0,0,0,3,25,7
1,10000.000000,4537,0.200000,80,1.000000,1.125038,1.000000,1.550000,0.087137,0.265244,0.329268,0,0,16,0,0,0,0,34,0,30,0,0,0,4,16,0
1,10000.000000,6160,0.360000,64,1.000000,1.076266,1.000000,1.265625,0.086256,0.246429,0.311429,0,0,16,0,0,0,0,22,0,26,0,0,0,4,28,4
1,10000.000000,27721,0.190000,81,1.000000,0.817901,1.000000,1.259259,0.065314,0.255287,0.303927,0,0,16,0,0,0,0,42,0,23,0,0,0,4,8,7
1,10000.000000,10090,0.210000,79,1.000000,0.898949,1.000000,1.556962,0.071186,0.261346,0.313928,0,0,15,0,0,0,0,40,0,24,0,0,0,5,10,6
1,10000.000000,11030,0.320000,68,1.000000,0.827441,1.000000,1.147059,0.071082,0.238655,0.292773,0,0,17,0,0,0,0,28,0,23,0,0,0,3,22,7
1,10000.000000,22075,0.300000,70,1.000000,1.006757,1.000000,1.071429,0.052720,0.226537,0.267314,0,0,18,0,0,0,0,34,0,18,0,0,0,2,16,12
1,10000.000000,22919,0.190000,81,1.000000,0.950938,1.000000,1.246914,0.088608,0.271889,0.336406,0,0,15,0,0,0,0,36,0,30,0,0,0,5,14,0
1,10000.000000,15430,0.240000,76,1.000000,0.874171,1.000000,1.578947,0.079675,0.247706,0.307645,0,0,18,0,0,0,0,30,0,28,0,0,0,2,20,2
1,10000.000000,18319,0.280000,72,1.000000,0.817750,1.000000,1.486111,0.091589,0.269625,0.336519,0,0,14,0,0,0,0,30,0,28,0,0,0,6,20,2
1,10000.000000,7125,0.200000,80,1.000000,0.979575,1.000000,1.925000,0.071869,0.257622,0.310976,0,0,16,0,0,0,0,39,0,25,0,0,0,4,11,5
1,10000.000000,27744,0.170000,83,1.000000,0.736120,1.000000,1.373494,0.088453,0.283931,0.347270,0,0,13,0,0,0,0,41,0,29,0,0,0,7,9,1
1,10000.000000,2528,0.320000,68,1.000000,0.942544,1.000000,1.441176,0.069247,0.232673,0.285809,0,0,18,0,0,0,0,27,0,23,0,0,0,2,23,7
1,10000.000000,22236,0.260000,74,1.000000,0.866797,1.000000,1.337838,0.074336,0.257800,0.312972,0,0,15,0,0,0,0,35,0,24,0,0,0,5,15,6
1,10000.000000,5136,0.290000,71,1.000000,1.048155,1.000000,1.676056,0.093333,0.263959,0.332657,0,0,15,0,0,0,0,27,0,29,0,0,0,5,23,1
1,10000.000000,20970,0.290000,71,1.000000,1.122408,1.000000,2.225352,0.078505,0.262069,0.320000,0,0,14,0,0,0,0,33,0,24,0,0,0,6,17,6
1,10000.000000,1560,0.230000,77,1.000000,0.948468,1.000000,1.324675,0.089362,0.263323,0.329154,0,0,16,0,0,0,0,31,0,30,0,0,0,4,19,0
1,10000.000000,13527,0.340000,66,1.000000,0.930303,1.000000,1.136364,0.065532,0.223140,0.274050,0,0,19,0,0,0,0,25,0,22,0,0,0,1,25,8
1,10000.000000,15988,0.280000,72,1.000000,0.849319,1.000000,1.430556,0.087689,0.252019,0.317609,0,0,17,0,0,0,0,26,0,29,0,0,0,3,24,1
1,10000.000000,16322,0.270000,73,1.000000,0.820973,1.000000,1.465753,0.070707,0.234930,0.289026,0,0,19,0,0,0,0,29,0,25,0,0,0,1,21,5
1,10000.000000,29445,0.260000,74,1.000000,0.941635,1.000000,1.081081,0.071373,0.231928,0.286747,0,0,20,0,0,0,0,28,0,26,0,0,0,0,22,4
1,10000.000000,14525,0.260000,74,1.000000,0.960243,1.000000,1.554054,0.074336,0.257800,0.312972,0,0,15,0,0,0,0,35,0,24,0,0,0,5,15,6
1,10000.000000,4239,0.220000,78,1.000000,1.110538,1.000000,2.897436,0.092483,0.281506,0.347954,0,0,13,0,0,0,0,36,0,29,0,0,0,7,14,1
1,10000.000000,10012,0.300000,70,1.000000,1.164029,1.000000,1.614286,0.087298,0.259829,0.324444,0,0,15,0,0,0,0,28,0,27,0,0,0,5,22,3
1,10000.000000,8402,0.280000,72,1.000000,0.837528,1.000000,1.166667,0.056452,0.226209,0.269891,0,0,19,0,0,0,0,33,0,20,0,0,0,1,17,10
1,10000.000000,21020,0.180000,82,1.000000,0.918659,1.000000,1.475610,0.070270,0.249275,0.302029,0,0,18,0,0,0,0,38,0,26,0,0,0,2,12,4
1,10000.000000,20105,0.380000,62,1.000000,0.901210,1.000000,1.903226,0.070707,0.247148,0.300380,0,0,14,0,0,0,0,28,0,20,0,0,0,6,22,10
1,10000.000000,28887,0.360000,64,1.000000,1.144922,1.000000,1.390625,0.066970,0.231173,0.282662,0,0,17,0,0,0,0,26,0,21,0,0,0,3,24,9
1,10000.000000,9896,0.180000,82,1.000000,0.929195,1.000000,1.524390,0.076673,0.261976,0.318563,0,0,16,0,0,0,0,39,0,27,0,0,0,4,11,3
1,10000.000000,29701,0.170000,83,1.000000,1.033193,1.000000,1.108434,0.085020,0.267062,0.329377,0,0,16,0,0,0,0,37,0,30,0,0,0,4,13,0
1,10000.000000,4398,0.230000,77,1.000000,0.824260,1.000000,1.597403,0.073684,0.255486,0.310345,0,0,16,0,0,0,0,36,0,25,0,0,0,4,14,5
1,10000.000000,1990,0.300000,70,1.000000,0.993929,1.000000,1.571429,0.065421,0.254355,0.303136,0,0,14,0,0,0,0,36,0,20,0,0,0,6,14,10
1,10000.000000,29735,0.240000,76,1.000000,0.923789,1.000000,1.565789,0.076253,0.260870,0.317230,0,0,15,0,0,0,0,36,0,25,0,0,0,5,14,5
1,10000.000000,8696,0.400000,60,1.000000,1.067033,1.000000,1.966667,0.064407,0.229478,0.279104,0,0,16,0,0,0,0,25,0,19,0,0,0,4,25,11
1,10000.000000,12723,0.380000,62,1.000000,0.858758,1.000000,1.387097,0.068213,0.228980,0.281574,0,0,17,0,0,0,0,24,0,21,0,0,0,3,26,9
1,10000.000000,29766,0.260000,74,1.000000,0.884014,1.000000,1.067568,0.092453,0.277683,0.344463,0,0,13,0,0,0,0,33,0,28,0,0,0,7,17,2
1,10000.000000,14957,0.250000,75,1.000000,1.022467,1.000000,1.346667,0.055118,0.229135,0.271624,0,0,19,0,0,0,0,36,0,20,0,0,0,1,14,10
1,10000.000000,21620,0.370000,63,1.000000,0.910571,1.000000,1.523810,0.074365,0.233628,0.290619,0,0,17,0,0,0,0,23,0,23,0,0,0,3,27,7
1,10000.000000,3580,0.290000,71,1.000000,0.996930,1.000000,1.464789,0.073016,0.253807,0.308291,0,0,15,0,0,0,0,33,0,23,0,0,0,5,17,7
1,10000.000000,16743,0.160000,84,1.000000,0.852905,1.000000,1.083333,0.072000,0.252137,0.305983,0,0,18,0,0,0,0,39,0,27,0,0,0,2,11,3
1,10000.000000,32646,0.270000,73,1.000000,0.835959,1.000000,1.342466,0.071715,0.255390,0.308789,0,0,15,0,0,0,0,35,0,23,0,0,0,5,15,7
1,10000.000000,12143,0.250000,75,1.000000,0.940133,1.000000,1.733333,0.095890,0.274834,0.344371,0,0,14,0,0,0,0,31,0,30,0,0,0,6,19,0
1,10000.000000,21636,0.260000,74,1.000000,0.910554,1.000000,1.567568,0.083105,0.267559,0.328428,0,0,14,0,0,0,0,34,0,26,0,0,0,6,16,4
1,10000.000000,15096,0.320000,68,1.000000,0.913618,1.000000,1.705882,0.073016,0.244863,0.300000,0,0,16,0,0,0,0,29,0,23,0,0,0,4,21,7
1,10000.000000,29696,0.330000,67,1.000000,1.120269,1.000000,1.074627,0.073043,0.233333,0.289333,0,0,18,0,0,0,0,25,0,24,0,0,0,2,25,6
1,10000.000000,12069,0.440000,56,1.000000,0.974286,1.000000,1.875000,0.073684,0.217228,0.274906,0,0,18,0,0,0,0,16,0,22,0,0,0,2,34,8
1,10000.000000,13847,0.250000,75,1.000000,0.812867,1.000000,1.680000,0.077301,0.245370,0.303704,0,0,18,0,0,0,0,30,0,27,0,0,0,2,20,3
1,10000.000000,6098,0.190000,81,1.000000,0.870074,1.000000,1.148148,0.082353,0.254386,0.315789,0,0,18,0,0,0,0,33,0,30,0,0,0,2,17,0
1,10000.000000,5928,0.350000,65,1.000000,0.804185,1.000000,1.538462,0.066366,0.232236,0.283189,0,0,17,0,0,0,0,27,0,21,0,0,0,3,23,9
1,10000.000000,21354,0.420000,58,1.000000,0.866793,1.000000,1.810345,0.076087,0.250509,0.307536,0,0,13,0,0,0,0,25,0,20,0,0,0,7,25,10
1,10000.000000,24947,0.140000,86,1.000000,0.862326,1.000000,1.313953,0.066922,0.256046,0.305832,0,0,17,0,0,0,0,44,0,25,0,0,0,3,6,5
1,10000.000000,15259,0.210000,79,1.000000,0.943557,1.000000,1.177215,0.084760,0.263077,0.325538,0,0,16,0,0,0,0,34,0,29,0,0,0,4,16,1
1,10000.000000,24873,0.310000,69,1.000000,1.079841,1.000000,2.057971,0.067586,0.248705,0.299482,0,0,15,0,0,0,0,33,0,21,0,0,0,5,17,9
1,10000.000000,21161,0.290000,71,1.000000,0.779775,1.000000,1.746479,0.089908,0.262267,0.328596,0,0,15,0,0,0,0,28,0,28,0,0,0,5,22,2
1,10000.000000,20621,0.250000,75,1.000000,1.046280,1.000000,1.640000,0.081290,0.257188,0.317572,0,0,16,0,0,0,0,32,0,27,0,0,0,4,18,3
1,10000.000000,29838,0.220000,78,1.000000,0.734577,1.000000,1.282051,0.077301,0.253435,0.311145,0,0,17,0,0,0,0,34,0,27,0,0,0,3,16,3
1,10000.000000,31128,0.330000,67,1.000000,0.832791,1.000000,1.462687,0.076253,0.235000,0.293333,0,0,18,0,0,0,0,24,0,25,0,0,0,2,26,5
1,10000.000000,926,0.230000,77,1.000000,0.953623,1.000000,1.363636,0.071869,0.249615,0.303544,0,0,17,0,0,0,0,35,0,25,0,0,0,3,15,5
1,10000.000000,11982,0.260000,74,1.000000,1.034581,1.000000,1.216216,0.077938,0.244548,0.303427,0,0,18,0,0,0,0,29,0,27,0,0,0,2,21,3
1,10000.000000,2728,0.340000,66,1.000000,0.953303,1.000000,1.742424,0.078729,0.256364,0.314909,0,0,14,0,0,0,0,29,0,23,0,0,0,6,21,7
1,10000.000000,18111,0.370000,63,1.000000,1.010254,1.000000,1.380952,0.067961,0.241252,0.292818,0,0,15,0,0,0,0,28,0,20,0,0,0,5,22,10
1,10000.000000,6222,0.350000,65,1.000000,0.958662,1.000000,1.307692,0.056502,0.227036,0.270711,0,0,17,0,0,0,0,30,0,18,0,0,0,3,20,12
1,10000.000000,18934,0.300000,70,1.000000,0.969071,1.000000,1.485714,0.082713,0.247117,0.309390,0,0,17,0,0,0,0,26,0,27,0,0,0,3,24,3
1,10000.000000,20945,0.320000,68,1.000000,0.954456,1.000000,1.411765,0.069683,0.243151,0.295890,0,0,16,0,0,0,0,30,0,22,0,0,0,4,20,8
1,10000.000000,110,0.230000,77,1.000000,0.855792,1.000000,1.480519,0.067841,0.262987,0.312987,0,0,14,0,0,0,0,41,0,22,0,0,0,6,9,8
1,10000.000000,15092,0.250000,75,1.000000,1.031333,1.000000,1.720000,0.067249,0.255285,0.305366,0,0,15,0,0,0,0,38,0,22,0,0,0,5,12,8
1,10000.000000,26482,0.180000,82,1.000000,0.865561,1.000000,1.329268,0.080716,0.259205,0.318999,0,0,17,0,0,0,0,36,0,29,0,0,0,3,14,1
1,10000.000000,3692,0.280000,72,1.000000,0.753139,1.000000,1.333333,0.080176,0.253289,0.313158,0,0,16,0,0,0,0,30,0,26,0,0,0,4,20,4
1,10000.000000,478,0.120000,88,1.000000,0.939205,1.000000,2.181818,0.090129,0.293939,0.357576,0,0,12,0,0,0,0,46,0,30,0,0,0,8,4,0
1,10000.000000,20798,0.230000,77,1.000000,0.782039,1.000000,1.168831,0.077938,0.252696,0.310940,0,0,17,0,0,0,0,33,0,27,0,0,0,3,17,3
1,10000.000000,17636,0.340000,66,1.000000,0.770773,1.000000,1.348485,0.074365,0.243007,0.299301,0,0,16,0,0,0,0,27,0,23,0,0,0,4,23,7
1,10000.000000,23917,0.180000,82,1.000000,0.870902,1.000000,1.719512,0.069034,0.253314,0.304860,0,0,17,0,0,0,0,40,0,25,0,0,0,3,10,5
1,10000.000000,5955,0.260000,74,1.000000,0.901351,1.000000,1.770270,0.079727,0.265886,0.324415,0,0,14,0,0,0,0,35,0,25,0,0,0,6,15,5
1,10000.000000,14712,0.220000,78,1.000000,1.485474,1.000000,1.435897,0.093333,0.276527,0.344051,0,0,14,0,0,0,0,34,0,30,0,0,0,6,16,0
1,10000.000000,540,0.360000,64,1.000000,0.911234,1.000000,1.562500,0.066970,0.231173,0.282662,0,0,17,0,0,0,0,26,0,21,0,0,0,3,24,9
1,10000.000000,32057,0.370000,63,1.000000,0.895524,1.000000,1.222222,0.072360,0.227431,0.283333,0,0,18,0,0,0,0,22,0,23,0,0,0,2,28,7
1,10000.000000,17789,0.350000,65,1.000000,1.095062,1.000000,2.030769,0.091525,0.255856,0.323964,0,0,15,0,0,0,0,23,0,27,0,0,0,5,27,3
1,10000.000000,10741,0.240000,76,1.000000,1.008092,1.000000,1.355263,0.073043,0.259259,0.313366,0,0,15,0,0,0,0,37,0,24,0,0,0,5,13,6
1,10000.000000,8286,0.240000,76,1.000000,1.062868,1.000000,1.539474,0.073684,0.244648,0.300306,0,0,18,0,0,0,0,32,0,26,0,0,0,2,18,4
1,10000.000000,1330,0.280000,72,1.000000,0.957792,1.000000,1.555556,0.081290,0.248788,0.309855,0,0,17,0,0,0,0,28,0,27,0,0,0,3,22,3
1,10000.000000,17398,0.390000,61,1.000000,0.952311,1.000000,1.491803,0.065421,0.226040,0.276673,0,0,17,0,0,0,0,24,0,20,0,0,0,3,26,10
1,10000.000000,21120,0.210000,79,1.000000,0.856392,1.000000,1.544304,0.064789,0.248109,0.296823,0,0,17,0,0,0,0,39,0,23,0,0,0,3,11,7
1,10000.000000,27501,0.290000,71,1.000000,0.815958,1.000000,1.056338,0.073684,0.238782,0.294872,0,0,18,0,0,0,0,28,0,25,0,0,0,2,22,5
1,10000.000000,15834,0.120000,88,1.000000,0.761761,1.000000,1.375000,0.083665,0.275613,0.336219,0,0,15,0,0,0,0,43,0,30,0,0,0,5,7,0
1,10000.000000,21641,0.440000,56,1.000000,0.935089,1.000000,2.125000,0.061463,0.216061,0.264245,0,0,17,0,0,0,0,21,0,18,0,0,0,3,29,12
1,10000.000000,25319,0.300000,70,1.000000,0.949886,1.000000,1.014286,0.058824,0.229773,0.275081,0,0,18,0,0,0,0,32,0,20,0,0,0,2,18,10
1,10000.000000,20178,0.230000,77,1.000000,0.954429,1.000000,1.376623,0.071869,0.249615,0.303544,0,0,17,0,0,0,0,35,0,25,0,0,0,3,15,5
1,10000.000000,10,0.710000,29,1.000000,0.786552,1.000000,1.172414,0.112644,0.275000,0.356667,0,0,6,0,0,0,0,9,0,14,0,0,0,14,41,16
1,10000.000000,8569,0.650000,35,1.000000,0.779829,1.000000,1.142857,0.179487,0.358025,0.473251,0,0,3,0,0,0,0,12,0,20,0,0,0,17,38,10
1,10000.000000,7347,0.780000,22,1.000000,0.702909,1.000000,1.136364,0.050602,0.205742,0.245933,0,0,7,0,0,0,0,9,0,6,0,0,0,13,41,24
1,10000.000000,11338,0.820000,18,1.000000,1.011056,1.000000,1.000000,0.060870,0.243421,0.289474,0,0,4,0,0,0,0,9,0,5,0,0,0,16,41,25
1,10000.000000,10180,0.750000,25,1.000000,1.058040,1.000000,1.120000,0.083444,0.263415,0.324878,0,0,5,0,0,0,0,11,0,9,0,0,0,15,39,21
1,10000.000000,24850,0.740000,26,1.000000,0.956808,1.000000,1.192308,0.084337,0.252252,0.315315,0,0,6,0,0,0,0,10,0,10,0,0,0,14,40,20
1,10000.000000,28894,0.630000,37,1.000000,0.763054,1.000000,1.243243,0.116667,0.306859,0.387726,0,0,5,0,0,0,0,16,0,16,0,0,0,15,34,14
1,10000.000000,5065,0.690000,31,1.000000,0.880806,1.000000,1.322581,0.133758,0.317391,0.408696,0,0,4,0,0,0,0,12,0,15,0,0,0,16,38,15
1,10000.000000,5631,0.610000,39,1.000000,1.058538,1.000000,1.025641,0.190533,0.367041,0.487640,0,0,3,0,0,0,0,13,0,23,0,0,0,17,37,7
1,10000.000000,12704,0.650000,35,1.000000,0.916514,1.000000,1.228571,0.146961,0.316981,0.417358,0,0,5,0,0,0,0,11,0,19,0,0,0,15,39,11
1,10000.000000,11144,0.670000,33,1.000000,1.101091,1.000000,1.000000,0.136000,0.308300,0.402372,0,0,5,0,0,0,0,11,0,17,0,0,0,15,39,13
1,10000.000000,25449,0.720000,28,1.000000,0.692107,1.000000,1.071429,0.089017,0.260684,0.326496,0,0,6,0,0,0,0,11,0,11,0,0,0,14,39,19
1,10000.000000,7819,0.720000,28,1.000000,0.799607,1.000000,1.178571,0.134247,0.311321,0.403774,0,0,4,0,0,0,0,10,0,14,0,0,0,16,40,16
1,10000.000000,12546,0.710000,29,1.000000,0.810207,1.000000,1.344828,0.140000,0.301310,0.399127,0,0,5,0,0,0,0,8,0,16,0,0,0,15,42,14
1,10000.000000,4537,0.660000,34,1.000000,1.435088,1.000000,1.264706,0.163636,0.350211,0.456540,0,0,3,0,0,0,0,13,0,18,0,0,0,17,37,12
1,10000.000000,6160,0.770000,23,1.000000,0.710739,1.000000,1.086957,0.093333,0.232558,0.304186,0,0,7,0,0,0,0,5,0,11,0,0,0,13,45,19
1,10000.000000,27721,0.610000,39,1.000000,0.673923,1.000000,1.025641,0.152174,0.338129,0.438849,0,0,4,0,0,0,0,15,0,20,0,0,0,16,35,10
1,10000.000000,10090,0.690000,31,1.000000,0.633387,1.000000,1.064516,0.063636,0.269710,0.316183,0,0,5,0,0,0,0,18,0,8,0,0,0,15,32,22
1,10000.000000,11030,0.740000,26,1.000000,0.921615,1.000000,1.000000,0.090909,0.270142,0.336493,0,0,5,0,0,0,0,11,0,10,0,0,0,15,39,20
1,10000.000000,22075,0.650000,35,1.000000,0.911657,1.000000,1.000000,0.076617,0.271739,0.327536,0,0,6,0,0,0,0,18,0,11,0,0,0,14,32,19
1,10000.000000,22919,0.530000,47,1.000000,0.955957,1.000000,1.021277,0.145833,0.368421,0.460526,0,0,2,0,0,0,0,25,0,20,0,0,0,18,25,10
1,10000.000000,15430,0.690000,31,1.000000,0.486548,1.000000,1.000000,0.070707,0.247148,0.300380,0,0,7,0,0,0,0,14,0,10,0,0,0,13,36,20
1,10000.000000,18319,0.560000,44,1.000000,0.829614,1.000000,1.204545,0.129756,0.334416,0.420779,0,0,4,0,0,0,0,21,0,19,0,0,0,16,29,11
1,10000.000000,7125,0.700000,30,1.000000,0.774933,1.000000,1.000000,0.108982,0.289362,0.366809,0,0,5,0,0,0,0,12,0,13,0,0,0,15,38,17
1,10000.000000,27744,0.590000,41,1.000000,0.619073,1.000000,1.073171,0.137824,0.334483,0.426207,0,0,4,0,0,0,0,18,0,19,0,0,0,16,32,11
1,10000.000000,2528,0.690000,31,1.000000,0.850484,1.000000,1.096774,0.115294,0.294606,0.375934,0,0,5,0,0,0,0,12,0,14,0,0,0,15,38,16
1,10000.000000,22236,0.640000,36,1.000000,0.830417,1.000000,1.055556,0.144828,0.330769,0.427692,0,0,4,0,0,0,0,14,0,18,0,0,0,16,36,12
1,10000.000000,5136,0.600000,40,1.000000,0.941125,1.000000,1.200000,0.157219,0.341549,0.445070,0,0,4,0,0,0,0,15,0,21,0,0,0,16,35,9
1,10000.000000,20970,0.690000,31,1.000000,1.042774,1.000000,1.225806,0.143590,0.321739,0.419130,0,0,4,0,0,0,0,11,0,16,0,0,0,16,39,14
1,10000.000000,1560,0.700000,30,1.000000,0.790600,1.000000,1.000000,0.127273,0.284553,0.375610,0,0,6,0,0,0,0,8,0,16,0,0,0,14,42,14
1,10000.000000,13527,0.790000,21,1.000000,1.188619,1.000000,1.047619,0.060870,0.206897,0.255172,0,0,7,0,0,0,0,7,0,7,0,0,0,13,43,23
1,10000.000000,15988,0.630000,37,1.000000,0.773757,1.000000,1.135135,0.159091,0.338346,0.443609,0,0,4,0,0,0,0,13,0,20,0,0,0,16,37,10
1,10000.000000,16322,0.680000,32,1.000000,0.577094,1.000000,1.000000,0.097326,0.275194,0.345736,0,0,6,0,0,0,0,13,0,13,0,0,0,14,37,17
1,10000.000000,29445,0.720000,28,1.000000,0.828000,1.000000,1.071429,0.115294,0.273504,0.357265,0,0,6,0,0,0,0,8,0,14,0,0,0,14,42,16
1,10000.000000,14525,0.650000,35,1.000000,0.973343,1.000000,1.000000,0.081481,0.286792,0.344906,0,0,5,0,0,0,0,19,0,11,0,0,0,15,31,19
1,10000.000000,4239,0.620000,38,1.000000,0.856842,1.000000,1.157895,0.113514,0.319853,0.397059,0,0,4,0,0,0,0,19,0,15,0,0,0,16,31,15
1,10000.000000,10012,0.810000,19,1.000000,1.147316,1.000000,1.105263,0.093333,0.214660,0.287958,0,0,7,0,0,0,0,2,0,10,0,0,0,13,48,20
1,10000.000000,8402,0.780000,22,1.000000,1.019455,1.000000,1.181818,0.083444,0.237374,0.301010,0,0,6,0,0,0,0,7,0,9,0,0,0,14,43,21
1,10000.000000,21020,0.610000,39,1.000000,0.889128,1.000000,1.076923,0.082353,0.294118,0.352249,0,0,5,0,0,0,0,22,0,12,0,0,0,15,28,18
1,10000.000000,20105,0.680000,32,1.000000,0.686906,1.000000,1.000000,0.087006,0.283401,0.345749,0,0,5,0,0,0,0,16,0,11,0,0,0,15,34,19
1,10000.000000,28887,0.740000,26,1.000000,0.964038,1.000000,1.038462,0.120530,0.284360,0.370616,0,0,5,0,0,0,0,8,0,13,0,0,0,15,42,17
1,10000.000000,9896,0.560000,44,1.000000,0.633045,1.000000,1.113636,0.136744,0.326019,0.418182,0,0,5,0,0,0,0,18,0,21,0,0,0,15,32,9
1,10000.000000,29701,0.610000,39,1.000000,1.034026,1.000000,1.205128,0.171930,0.359551,0.469663,0,0,3,0,0,0,0,15,0,21,0,0,0,17,35,9
1,10000.000000,4398,0.660000,34,1.000000,0.841912,1.000000,1.264706,0.091304,0.289575,0.354440,0,0,5,0,0,0,0,17,0,12,0,0,0,15,33,18
1,10000.000000,1990,0.660000,34,1.000000,0.833971,1.000000,1.235294,0.115294,0.314516,0.393548,0,0,4,0,0,0,0,16,0,14,0,0,0,16,34,16
1,10000.000000,29735,0.700000,30,1.000000,1.128600,1.000000,1.566667,0.107692,0.303571,0.378571,0,0,4,0,0,0,0,14,0,12,0,0,0,16,36,18
1,10000.000000,8696,0.720000,28,1.000000,1.071500,1.000000,1.321429,0.124051,0.291480,0.379372,0,0,5,0,0,0,0,9,0,14,0,0,0,15,41,16
1,10000.000000,12723,0.710000,29,1.000000,0.775448,1.000000,1.068966,0.130435,0.296943,0.388646,0,0,5,0,0,0,0,9,0,15,0,0,0,15,41,15
1,10000.000000,29766,0.560000,44,1.000000,0.821841,1.000000,1.113636,0.181921,0.381119,0.493706,0,0,2,0,0,0,0,19,0,23,0,0,0,18,31,7
1,10000.000000,14957,0.800000,20,1.000000,0.948950,1.000000,1.000000,0.035000,0.187817,0.216244,0,0,7,0,0,0,0,9,0,4,0,0,0,13,41,26
1,10000.000000,21620,0.640000,36,1.000000,0.720556,1.000000,1.138889,0.135484,0.313653,0.406642,0,0,5,0,0,0,0,13,0,18,0,0,0,15,37,12
1,10000.000000,3580,0.760000,24,1.000000,1.082375,1.000000,1.416667,0.036842,0.236181,0.264322,0,0,5,0,0,0,0,15,0,4,0,0,0,15,35,26
1,10000.000000,16743,0.710000,29,1.000000,0.974621,1.000000,1.137931,0.121387,0.279167,0.366667,0,0,6,0,0,0,0,8,0,15,0,0,0,14,42,15
1,10000.000000,32646,0.680000,32,1.000000,0.863781,1.000000,1.031250,0.120988,0.313559,0.396610,0,0,4,0,0,0,0,14,0,14,0,0,0,16,36,16
1,10000.000000,12143,0.670000,33,1.000000,0.844364,1.000000,1.030303,0.136000,0.308300,0.402372,0,0,5,0,0,0,0,11,0,17,0,0,0,15,39,13
1,10000.000000,21636,0.670000,33,1.000000,0.601000,1.000000,1.333333,0.093333,0.288538,0.354941,0,0,5,0,0,0,0,16,0,12,0,0,0,15,34,18
1,10000.000000,15096,0.720000,28,1.000000,1.111250,1.000000,1.250000,0.124051,0.291480,0.379372,0,0,5,0,0,0,0,9,0,14,0,0,0,15,41,16
1,10000.000000,29696,0.760000,24,1.000000,1.232250,1.000000,1.083333,0.127273,0.281407,0.372864,0,0,5,0,0,0,0,6,0,13,0,0,0,15,44,17
1,10000.000000,12069,0.800000,20,1.000000,0.615250,1.000000,1.150000,0.037838,0.204301,0.234409,0,0,6,0,0,0,0,10,0,4,0,0,0,14,40,26
1,10000.000000,13847,0.620000,38,1.000000,0.849474,1.000000,1.210526,0.146961,0.334559,0.432353,0,0,4,0,0,0,0,15,0,19,0,0,0,16,35,11
1,10000.000000,6098,0.800000,20,1.000000,1.037950,1.000000,1.050000,0.088112,0.231183,0.298925,0,0,6,0,0,0,0,5,0,9,0,0,0,14,45,21
1,10000.000000,5928,0.780000,22,1.000000,0.904045,1.000000,1.000000,0.101449,0.262032,0.336898,0,0,5,0,0,0,0,7,0,10,0,0,0,15,43,20
1,10000.000000,21354,0.680000,32,1.000000,0.896969,1.000000,1.437500,0.110526,0.324444,0.399111,0,0,3,0,0,0,0,17,0,12,0,0,0,17,33,18
1,10000.000000,24947,0.760000,24,1.000000,0.512042,1.000000,1.000000,0.082353,0.230769,0.294118,0,0,7,0,0,0,0,7,0,10,0,0,0,13,43,20
1,10000.000000,15259,0.700000,30,1.000000,0.933467,1.000000,1.000000,0.100000,0.285106,0.356596,0,0,5,0,0,0,0,13,0,12,0,0,0,15,37,18
1,10000.000000,24873,0.630000,37,1.000000,0.937514,1.000000,1.135135,0.085714,0.292419,0.353069,0,0,5,0,0,0,0,20,0,12,0,0,0,15,30,18
1,10000.000000,21161,0.710000,29,1.000000,0.534103,1.000000,1.103448,0.140940,0.316514,0.412844,0,0,4,0,0,0,0,10,0,15,0,0,0,16,40,15
1,10000.000000,20621,0.770000,23,1.000000,0.674826,1.000000,1.000000,0.102439,0.237209,0.315349,0,0,7,0,0,0,0,4,0,12,0,0,0,13,46,18
1,10000.000000,29838,0.560000,44,1.000000,0.677318,1.000000,1.227273,0.144828,0.340909,0.436364,0,0,4,0,0,0,0,19,0,21,0,0,0,16,31,9
1,10000.000000,31128,0.660000,34,1.000000,0.671559,1.000000,1.147059,0.159091,0.320463,0.428571,0,0,5,0,0,0,0,9,0,20,0,0,0,15,41,10
1,10000.000000,926,0.750000,25,1.000000,0.912760,1.000000,1.080000,0.045161,0.243902,0.278049,0,0,5,0,0,0,0,15,0,5,0,0,0,15,35,25
1,10000.000000,11982,0.700000,30,1.000000,1.013000,1.000000,1.066667,0.136585,0.302128,0.397447,0,0,5,0,0,0,0,9,0,16,0,0,0,15,41,14
1,10000.000000,2728,0.770000,23,1.000000,0.981130,1.000000,1.173913,0.067586,0.248705,0.299482,0,0,5,0,0,0,0,11,0,7,0,0,0,15,39,23
1,10000.000000,18111,0.770000,23,1.000000,1.068174,1.000000,1.347826,0.107692,0.285714,0.362637,0,0,4,0,0,0,0,9,0,10,0,0,0,16,41,20
1,10000.000000,6222,0.790000,21,1.000000,0.777333,1.000000,1.190476,0.056000,0.218750,0.262500,0,0,6,0,0,0,0,9,0,6,0,0,0,14,41,24
1,10000.000000,18934,0.660000,34,1.000000,0.993559,1.000000,1.264706,0.141573,0.312741,0.410039,0,0,5,0,0,0,0,11,0,18,0,0,0,15,39,12
1,10000.000000,20945,0.660000,34,1.000000,0.697353,1.000000,1.117647,0.099454,0.293436,0.363707,0,0,5,0,0,0,0,16,0,13,0,0,0,15,34,17
1,10000.000000,110,0.680000,32,1.000000,0.849188,1.000000,1.000000,0.070391,0.275304,0.326316,0,0,5,0,0,0,0,18,0,9,0,0,0,15,32,21
1,10000.000000,15092,0.660000,34,1.000000,0.760824,1.000000,1.029412,0.078173,0.270370,0.327407,0,0,6,0,0,0,0,17,0,11,0,0,0,14,33,19
1,10000.000000,26482,0.580000,42,1.000000,0.820381,1.000000,1.119048,0.143784,0.350877,0.444211,0,0,3,0,0,0,0,20,0,19,0,0,0,17,30,11
1,10000.000000,3692,0.770000,23,1.000000,0.523391,1.000000,1.000000,0.057988,0.213953,0.259535,0,0,7,0,0,0,0,9,0,7,0,0,0,13,41,23
1,10000.000000,478,0.630000,37,1.000000,0.761243,1.000000,1.621622,0.107692,0.315789,0.389474,0,0,4,0,0,0,0,19,0,14,0,0,0,16,31,16
1,10000.000000,20798,0.680000,32,1.000000,0.546438,1.000000,1.031250,0.102439,0.305085,0.376271,0,0,4,0,0,0,0,16,0,12,0,0,0,16,34,18
1,10000.000000,17636,0.730000,27,1.000000,0.663519,1.000000,1.074074,0.056647,0.241228,0.284211,0,0,6,0,0,0,0,14,0,7,0,0,0,14,36,23
1,10000.000000,23917,0.670000,33,1.000000,0.761788,1.000000,1.242424,0.093333,0.288538,0.354941,0,0,5,0,0,0,0,16,0,12,0,0,0,15,34,18
1,10000.000000,5955,0.730000,27,1.000000,0.654519,1.000000,1.037037,0.098089,0.276498,0.347465,0,0,5,0,0,0,0,11,0,11,0,0,0,15,39,19
1,10000.000000,14712,0.550000,45,1.000000,1.480000,1.000000,1.066667,0.158763,0.359736,0.461386,0,0,3,0,0,0,0,20,0,22,0,0,0,17,30,8
1,10000.000000,540,0.790000,21,1.000000,1.091048,1.000000,1.285714,0.079245,0.216749,0.278818,0,0,7,0,0,0,0,5,0,9,0,0,0,13,45,21
1,10000.000000,32057,0.710000,29,1.000000,0.879276,1.000000,1.068966,0.140940,0.316514,0.412844,0,0,4,0,0,0,0,10,0,15,0,0,0,16,40,15
1,10000.000000,17789,0.720000,28,1.000000,0.987857,1.000000,1.071429,0.114465,0.286996,0.368610,0,0,5,0,0,0,0,10,0,13,0,0,0,15,40,17
1,10000.000000,10741,0.730000,27,1.000000,0.887296,1.000000,1.148148,0.088608,0.271889,0.336406,0,0,5,0,0,0,0,12,0,10,0,0,0,15,38,20
1,10000.000000,8286,0.700000,30,1.000000,0.766100,1.000000,1.100000,0.072165,0.245136,0.299611,0,0,7,0,0,0,0,13,0,10,0,0,0,13,37,20
1,10000.000000,1330,0.680000,32,1.000000,0.879469,1.000000,1.375000,0.149686,0.326271,0.427119,0,0,4,0,0,0,0,11,0,17,0,0,0,16,39,13
1,10000.000000,17398,0.710000,29,1.000000,1.027172,1.000000,1.172414,0.130667,0.311927,0.401835,0,0,4,0,0,0,0,11,0,14,0,0,0,16,39,16
1,10000.000000,21120,0.580000,42,1.000000,0.766167,1.000000,1.047619,0.157073,0.332248,0.437134,0,0,5,0,0,0,0,14,0,23,0,0,0,15,36,7
1,10000.000000,27501,0.700000,30,1.000000,0.892500,1.000000,1.100000,0.147368,0.321429,0.421429,0,0,4,0,0,0,0,10,0,16,0,0,0,16,40,14
1,10000.000000,15834,0.690000,31,1.000000,0.619871,1.000000,1.000000,0.124444,0.285714,0.374603,0,0,6,0,0,0,0,9,0,16,0,0,0,14,41,14
1,10000.000000,21641,0.700000,30,1.000000,0.843567,1.000000,1.233333,0.091124,0.280851,0.346383,0,0,5,0,0,0,0,14,0,11,0,0,0,15,36,19
1,10000.000000,25319,0.770000,23,1.000000,0.895870,1.000000,1.043478,0.098592,0.264249,0.336788,0,0,5,0,0,0,0,8,0,10,0,0,0,15,42,20
1,10000.000000,20178,0.610000,39,1.000000,0.910615,1.000000,1.410256,0.135484,0.330935,0.421583,0,0,4,0,0,0,0,17,0,18,0,0,0,16,33,12
1,10000.000000,10,0.909000,91,1.000000,0.594418,1.000000,1.142857,0.152475,0.351525,0.450401,0,0,7,0,0,0,0,40,0,44,0,0,0,193,460,256
1,10000.000000,8569,0.889000,111,1.000000,0.614613,1.000000,1.126126,0.203819,0.400572,0.522747,0,0,3,0,0,0,0,47,0,61,0,0,0,197,453,239
1,10000.000000,7347,0.912000,88,1.000000,0.467159,1.000000,1.056818,0.129630,0.322884,0.410658,0,0,10,0,0,0,0,38,0,40,0,0,0,190,462,260
1,10000.000000,11338,0.937000,63,1.000000,0.774746,1.000000,1.079365,0.101987,0.319820,0.389189,0,0,6,0,0,0,0,35,0,22,0,0,0,194,465,278
1,10000.000000,10180,0.921000,79,1.000000,0.582291,1.000000,1.050633,0.113514,0.328494,0.404719,0,0,7,0,0,0,0,42,0,30,0,0,0,193,458,270
1,10000.000000,24850,0.900000,100,1.000000,0.565130,1.000000,1.050000,0.167494,0.356105,0.463953,0,0,8,0,0,0,0,39,0,53,0,0,0,192,461,247
1,10000.000000,28894,0.870000,130,1.000000,0.506131,1.000000,1.084615,0.184704,0.381797,0.495981,0,0,6,0,0,0,0,55,0,69,0,0,0,194,445,231
1,10000.000000,5065,0.904000,96,1.000000,0.655656,1.000000,1.114583,0.225806,0.400000,0.535484,0,0,4,0,0,0,0,32,0,60,0,0,0,196,468,240
1,10000.000000,5631,0.893000,107,1.000000,0.627888,1.000000,1.009346,0.145701,0.365854,0.458250,0,0,5,0,0,0,0,56,0,46,0,0,0,195,444,254
1,10000.000000,12704,0.902000,98,1.000000,0.542520,1.000000,1.173469,0.176699,0.370031,0.481346,0,0,6,0,0,0,0,40,0,52,0,0,0,194,460,248
1,10000.000000,11144,0.917000,83,1.000000,0.733711,1.000000,1.036145,0.179888,0.365248,0.479433,0,0,6,0,0,0,0,31,0,46,0,0,0,194,469,254
1,10000.000000,25449,0.886000,114,1.000000,0.584298,1.000000,1.026316,0.142857,0.356110,0.448095,0,0,7,0,0,0,0,57,0,50,0,0,0,193,443,250
1,10000.000000,7819,0.900000,100,1.000000,0.555780,1.000000,1.110000,0.208205,0.394410,0.520497,0,0,4,0,0,0,0,38,0,58,0,0,0,196,462,242
1,10000.000000,12546,0.893000,107,1.000000,0.514710,1.000000,1.093458,0.151515,0.357441,0.454798,0,0,7,0,0,0,0,50,0,50,0,0,0,193,450,250
1,10000.000000,4537,0.915000,85,1.000000,0.935188,1.000000,1.164706,0.160920,0.371841,0.472924,0,0,4,0,0,0,0,41,0,40,0,0,0,196,459,260
1,10000.000000,6160,0.915000,85,1.000000,0.455024,1.000000,1.023529,0.118159,0.333901,0.412606,0,0,7,0,0,0,0,45,0,33,0,0,0,193,455,267
1,10000.000000,27721,0.877000,123,1.000000,0.588081,1.000000,1.089431,0.200000,0.390921,0.512736,0,0,5,0,0,0,0,49,0,69,0,0,0,195,451,231
1,10000.000000,10090,0.887000,113,1.000000,0.451788,1.000000,1.079646,0.134560,0.352318,0.439470,0,0,7,0,0,0,0,59,0,47,0,0,0,193,441,253
1,10000.000000,11030,0.912000,88,1.000000,0.546841,1.000000,1.034091,0.137531,0.343802,0.434050,0,0,7,0,0,0,0,42,0,39,0,0,0,193,458,261
1,10000.000000,22075,0.893000,107,1.000000,0.489607,1.000000,1.046729,0.161656,0.361613,0.464812,0,0,7,0,0,0,0,47,0,53,0,0,0,193,453,247
1,10000.000000,22919,0.875000,125,1.000000,0.652584,1.000000,1.176000,0.177634,0.397668,0.504663,0,0,2,0,0,0,0,64,0,59,0,0,0,198,436,241
1,10000.000000,15430,0.900000,100,1.000000,0.558260,1.000000,1.020000,0.107246,0.319718,0.392676,0,0,10,0,0,0,0,53,0,37,0,0,0,190,447,263
1,10000.000000,18319,0.875000,125,1.000000,0.636624,1.000000,1.096000,0.154373,0.363966,0.462152,0,0,7,0,0,0,0,60,0,58,0,0,0,193,440,242
1,10000.000000,7125,0.901000,99,1.000000,0.549515,1.000000,1.090909,0.168550,0.372881,0.478582,0,0,5,0,0,0,0,45,0,49,0,0,0,195,455,251
1,10000.000000,27744,0.858000,142,1.000000,0.576852,1.000000,1.056338,0.192754,0.391400,0.508710,0,0,5,0,0,0,0,61,0,76,0,0,0,195,439,224
1,10000.000000,2528,0.919000,81,1.000000,0.657481,1.000000,1.086420,0.161690,0.356884,0.460870,0,0,6,0,0,0,0,34,0,41,0,0,0,194,466,259
1,10000.000000,22236,0.929000,71,1.000000,0.647352,1.000000,1.056338,0.159732,0.365957,0.467234,0,0,4,0,0,0,0,33,0,34,0,0,0,196,467,266
1,10000.000000,5136,0.878000,122,1.000000,0.556369,1.000000,1.155738,0.175359,0.381194,0.489708,0,0,5,0,0,0,0,56,0,61,0,0,0,195,444,239
1,10000.000000,20970,0.917000,83,1.000000,0.732349,1.000000,1.120482,0.172493,0.368897,0.477758,0,0,5,0,0,0,0,35,0,43,0,0,0,195,465,257
1,10000.000000,1560,0.901000,99,1.000000,0.631374,1.000000,1.060606,0.176201,0.359238,0.472141,0,0,8,0,0,0,0,36,0,55,0,0,0,192,464,245
1,10000.000000,13527,0.928000,72,1.000000,0.658694,1.000000,1.013889,0.182979,0.353635,0.471906,0,0,7,0,0,0,0,22,0,43,0,0,0,193,478,257
1,10000.000000,15988,0.882000,118,1.000000,0.606364,1.000000,1.203390,0.205172,0.391874,0.516645,0,0,5,0,0,0,0,45,0,68,0,0,0,195,455,232
1,10000.000000,16322,0.886000,114,1.000000,0.539640,1.000000,1.008772,0.175000,0.369251,0.479632,0,0,7,0,0,0,0,47,0,60,0,0,0,193,453,240
1,10000.000000,29445,0.917000,83,1.000000,0.561205,1.000000,1.072289,0.132481,0.332765,0.421160,0,0,8,0,0,0,0,38,0,37,0,0,0,192,462,263
1,10000.000000,14525,0.917000,83,1.000000,0.699145,1.000000,1.072289,0.124444,0.349005,0.430018,0,0,5,0,0,0,0,46,0,32,0,0,0,195,454,268
1,10000.000000,4239,0.888000,112,1.000000,0.549080,1.000000,1.089286,0.178182,0.385475,0.494972,0,0,4,0,0,0,0,52,0,56,0,0,0,196,448,244
1,10000.000000,10012,0.900000,100,1.000000,0.633610,1.000000,1.020000,0.176940,0.354793,0.468956,0,0,9,0,0,0,0,34,0,57,0,0,0,191,466,243
1,10000.000000,8402,0.920000,80,1.000000,0.505250,1.000000,1.050000,0.172493,0.360806,0.471062,0,0,6,0,0,0,0,31,0,43,0,0,0,194,469,257
1,10000.000000,21020,0.907000,93,1.000000,0.751903,1.000000,1.118280,0.163723,0.351393,0.457585,0,0,8,0,0,0,0,36,0,49,0,0,0,192,464,251
1,10000.000000,20105,0.897000,103,1.000000,0.595049,1.000000,1.048544,0.119475,0.342446,0.421007,0,0,7,0,0,0,0,57,0,39,0,0,0,193,443,261
1,10000.000000,28887,0.903000,97,1.000000,0.807918,1.000000,1.175258,0.129630,0.344461,0.429439,0,0,7,0,0,0,0,50,0,40,0,0,0,193,450,260
1,10000.000000,9896,0.876000,124,1.000000,0.640121,1.000000,1.169355,0.198357,0.390488,0.511389,0,0,5,0,0,0,0,50,0,69,0,0,0,195,450,231
1,10000.000000,29701,0.884000,116,1.000000,0.615155,1.000000,1.129310,0.216628,0.406036,0.534705,0,0,3,0,0,0,0,46,0,67,0,0,0,197,454,233
1,10000.000000,4398,0.913000,87,1.000000,0.512264,1.000000,1.137931,0.115119,0.346620,0.421837,0,0,5,0,0,0,0,51,0,31,0,0,0,195,449,269
1,10000.000000,1990,0.906000,94,1.000000,0.575447,1.000000,1.106383,0.185455,0.378029,0.493376,0,0,5,0,0,0,0,38,0,51,0,0,0,195,462,249
1,10000.000000,29735,0.903000,97,1.000000,0.659062,1.000000,1.216495,0.160199,0.368917,0.470016,0,0,5,0,0,0,0,46,0,46,0,0,0,195,454,254
1,10000.000000,8696,0.892000,108,1.000000,0.576139,1.000000,1.111111,0.143215,0.349185,0.442391,0,0,8,0,0,0,0,51,0,49,0,0,0,192,449,251
1,10000.000000,12723,0.914000,86,1.000000,0.731279,1.000000,1.034884,0.188764,0.376532,0.494221,0,0,5,0,0,0,0,33,0,48,0,0,0,195,467,252
1,10000.000000,29766,0.884000,116,1.000000,0.666612,1.000000,1.172414,0.222803,0.413649,0.544290,0,0,2,0,0,0,0,47,0,67,0,0,0,198,453,233
1,10000.000000,14957,0.934000,66,1.000000,0.513318,1.000000,1.015152,0.122807,0.309091,0.393939,0,0,9,0,0,0,0,27,0,30,0,0,0,191,473,270
1,10000.000000,21620,0.877000,123,1.000000,0.510228,1.000000,1.211382,0.191935,0.383085,0.501493,0,0,6,0,0,0,0,49,0,68,0,0,0,194,451,232
1,10000.000000,3580,0.922000,78,1.000000,0.603359,1.000000,1.205128,0.127273,0.333945,0.418716,0,0,7,0,0,0,0,38,0,33,0,0,0,193,462,267
1,10000.000000,16743,0.895000,105,1.000000,0.543600,1.000000,1.085714,0.140611,0.352192,0.443281,0,0,7,0,0,0,0,52,0,46,0,0,0,193,448,254
1,10000.000000,32646,0.910000,90,1.000000,0.798689,1.000000,1.088889,0.184906,0.376471,0.491765,0,0,5,0,0,0,0,36,0,49,0,0,0,195,464,251
1,10000.000000,12143,0.911000,89,1.000000,0.746685,1.000000,1.056180,0.176842,0.366667,0.478667,0,0,6,0,0,0,0,35,0,48,0,0,0,194,465,252
1,10000.000000,21636,0.877000,123,1.000000,0.567691,1.000000,1.211382,0.164372,0.377049,0.479445,0,0,5,0,0,0,0,60,0,58,0,0,0,195,440,242
1,10000.000000,15096,0.924000,76,1.000000,0.647842,1.000000,1.157895,0.125926,0.318919,0.404685,0,0,9,0,0,0,0,33,0,34,0,0,0,191,467,266
1,10000.000000,29696,0.930000,70,1.000000,0.623743,1.000000,1.028571,0.160656,0.357895,0.461053,0,0,5,0,0,0,0,30,0,35,0,0,0,195,470,265
1,10000.000000,12069,0.916000,84,1.000000,0.577000,1.000000,1.035714,0.108229,0.322635,0.395946,0,0,8,0,0,0,0,45,0,31,0,0,0,192,455,269
1,10000.000000,13847,0.901000,99,1.000000,0.550384,1.000000,1.121212,0.181679,0.384013,0.495925,0,0,4,0,0,0,0,44,0,51,0,0,0,196,456,249
1,10000.000000,6098,0.909000,91,1.000000,0.601626,1.000000,1.043956,0.148077,0.343849,0.441009,0,0,8,0,0,0,0,39,0,44,0,0,0,192,461,256
1,10000.000000,5928,0.936000,64,1.000000,0.784563,1.000000,1.000000,0.168794,0.357631,0.466059,0,0,5,0,0,0,0,25,0,34,0,0,0,195,475,266
1,10000.000000,21354,0.903000,97,1.000000,0.661763,1.000000,1.175258,0.174536,0.386992,0.493984,0,0,3,0,0,0,0,47,0,47,0,0,0,197,453,253
1,10000.000000,24947,0.880000,120,1.000000,0.493550,1.000000,1.058333,0.178082,0.367574,0.480198,0,0,8,0,0,0,0,47,0,65,0,0,0,192,453,235
1,10000.000000,15259,0.922000,78,1.000000,0.767846,1.000000,1.128205,0.153757,0.352060,0.451685,0,0,6,0,0,0,0,34,0,38,0,0,0,194,466,262
1,10000.000000,24873,0.891000,109,1.000000,0.652624,1.000000,1.137615,0.153468,0.369535,0.466291,0,0,5,0,0,0,0,55,0,49,0,0,0,195,445,251
1,10000.000000,21161,0.917000,83,1.000000,0.420976,1.000000,1.036145,0.184314,0.367021,0.483688,0,0,6,0,0,0,0,30,0,47,0,0,0,194,470,253
1,10000.000000,20621,0.912000,88,1.000000,0.489205,1.000000,1.022727,0.200000,0.363636,0.490909,0,0,8,0,0,0,0,24,0,56,0,0,0,192,476,244
1,10000.000000,29838,0.881000,119,1.000000,0.620706,1.000000,1.117647,0.185124,0.379487,0.494359,0,0,6,0,0,0,0,49,0,64,0,0,0,194,451,236
1,10000.000000,31128,0.879000,121,1.000000,0.617620,1.000000,1.165289,0.210148,0.394366,0.521639,0,0,5,0,0,0,0,45,0,71,0,0,0,195,455,229
1,10000.000000,926,0.916000,84,1.000000,0.737833,1.000000,1.142857,0.152174,0.354386,0.452632,0,0,6,0,0,0,0,38,0,40,0,0,0,194,462,260
1,10000.000000,11982,0.896000,104,1.000000,0.615567,1.000000,1.048077,0.215130,0.386957,0.518841,0,0,6,0,0,0,0,33,0,65,0,0,0,194,467,235
1,10000.000000,2728,0.928000,72,1.000000,0.595931,1.000000,1.055556,0.155556,0.349398,0.450602,0,0,6,0,0,0,0,30,0,36,0,0,0,194,470,264
1,10000.000000,18111,0.932000,68,1.000000,0.867706,1.000000,1.117647,0.154515,0.354212,0.453996,0,0,5,0,0,0,0,30,0,33,0,0,0,195,470,267
1,10000.000000,6222,0.922000,78,1.000000,0.528885,1.000000,1.051282,0.119149,0.323741,0.404317,0,0,8,0,0,0,0,38,0,32,0,0,0,192,462,268
1,10000.000000,18934,0.893000,107,1.000000,0.542888,1.000000,1.205607,0.163387,0.373027,0.475466,0,0,5,0,0,0,0,51,0,51,0,0,0,195,449,249
1,10000.000000,20945,0.880000,120,1.000000,0.517133,1.000000,1.066667,0.148697,0.365140,0.459542,0,0,6,0,0,0,0,61,0,53,0,0,0,194,439,247
1,10000.000000,110,0.898000,102,1.000000,0.503382,1.000000,1.058824,0.127273,0.356822,0.438681,0,0,5,0,0,0,0,58,0,39,0,0,0,195,442,261
1,10000.000000,15092,0.885000,115,1.000000,0.463096,1.000000,1.069565,0.142029,0.361111,0.451852,0,0,6,0,0,0,0,60,0,49,0,0,0,194,440,251
1,10000.000000,26482,0.881000,119,1.000000,0.569210,1.000000,1.100840,0.189357,0.396252,0.510576,0,0,3,0,0,0,0,55,0,61,0,0,0,197,445,239
1,10000.000000,3692,0.921000,79,1.000000,0.414684,1.000000,1.075949,0.149869,0.331588,0.431763,0,0,9,0,0,0,0,29,0,41,0,0,0,191,471,259
1,10000.000000,478,0.882000,118,1.000000,0.605686,1.000000,1.313559,0.151667,0.370904,0.466317,0,0,5,0,0,0,0,61,0,52,0,0,0,195,439,248
1,10000.000000,20798,0.883000,117,1.000000,0.571744,1.000000,1.051282,0.178288,0.376302,0.487500,0,0,6,0,0,0,0,50,0,61,0,0,0,194,450,239
1,10000.000000,17636,0.900000,100,1.000000,0.524360,1.000000,1.020000,0.151174,0.360360,0.457057,0,0,6,0,0,0,0,48,0,46,0,0,0,194,452,254
1,10000.000000,23917,0.896000,104,1.000000,0.532500,1.000000,1.105769,0.145254,0.353780,0.447646,0,0,7,0,0,0,0,50,0,47,0,0,0,193,450,253
1,10000.000000,5955,0.927000,73,1.000000,0.423438,1.000000,1.013699,0.153659,0.349206,0.449206,0,0,6,0,0,0,0,31,0,36,0,0,0,194,469,264
1,10000.000000,14712,0.899000,101,1.000000,0.864733,1.000000,1.069307,0.221053,0.405321,0.536776,0,0,3,0,0,0,0,38,0,60,0,0,0,197,462,240
1,10000.000000,540,0.905000,95,1.000000,0.584368,1.000000,1.126316,0.182898,0.360182,0.477204,0,0,8,0,0,0,0,32,0,55,0,0,0,192,468,245
1,10000.000000,32057,0.901000,99,1.000000,0.588182,1.000000,1.030303,0.171223,0.368182,0.476364,0,0,6,0,0,0,0,42,0,51,0,0,0,194,458,249
1,10000.000000,17789,0.938000,62,1.000000,0.642048,1.000000,1.080645,0.145520,0.346604,0.441686,0,0,5,0,0,0,0,28,0,29,0,0,0,195,472,271
1,10000.000000,10741,0.903000,97,1.000000,0.510722,1.000000,1.061856,0.160199,0.368917,0.470016,0,0,5,0,0,0,0,46,0,46,0,0,0,195,454,254
1,10000.000000,8286,0.895000,105,1.000000,0.481200,1.000000,1.104762,0.150215,0.350975,0.448468,0,0,8,0,0,0,0,47,0,50,0,0,0,192,453,250
1,10000.000000,1330,0.903000,97,1.000000,0.655619,1.000000,1.185567,0.189583,0.386581,0.502875,0,0,4,0,0,0,0,41,0,52,0,0,0,196,459,248
1,10000.000000,17398,0.903000,97,1.000000,0.677546,1.000000,1.175258,0.181347,0.383387,0.495208,0,0,4,0,0,0,0,43,0,50,0,0,0,196,457,250
1,10000.000000,21120,0.876000,124,1.000000,0.582548,1.000000,1.112903,0.184064,0.380247,0.494321,0,0,6,0,0,0,0,52,0,66,0,0,0,194,448,234
1,10000.000000,27501,0.930000,70,1.000000,0.725186,1.000000,1.085714,0.172603,0.370690,0.479310,0,0,4,0,0,0,0,30,0,36,0,0,0,196,470,264
1,10000.000000,15834,0.913000,87,1.000000,0.579172,1.000000,1.045977,0.180645,0.367347,0.481633,0,0,6,0,0,0,0,33,0,48,0,0,0,194,467,252
1,10000.000000,21641,0.912000,88,1.000000,0.583875,1.000000,1.079545,0.153181,0.350413,0.449917,0,0,7,0,0,0,0,38,0,43,0,0,0,193,462,257
1,10000.000000,25319,0.918000,82,1.000000,0.618744,1.000000,1.024390,0.113092,0.343693,0.417916,0,0,5,0,0,0,0,48,0,29,0,0,0,195,452,271
1,10000.000000,20178,0.903000,97,1.000000,0.636000,1.000000,1.195876,0.200000,0.384615,0.507692,0,0,5,0,0,0,0,36,0,56,0,0,0,195,464,244
1,10000.000000,10,0.909000,91,1.000000,0.594418,1.000000,1.142857,0.152475,0.351525,0.450401,0,0,7,0,0,0,0,40,0,44,0,0,0,193,460,256
1,10000.000000,8569,0.889000,111,1.000000,0.614613,1.000000,1.126126,0.203819,0.400572,0.522747,0,0,3,0,0,0,0,47,0,61,0,0,0,197,453,239
1,10000.000000,7347,0.912000,88,1.000000,0.467159,1.000000,1.056818,0.129630,0.322884,0.410658,0,0,10,0,0,0,0,38,0,40,0,0,0,190,462,260
1,10000.000000,11338,0.937000,63,1.000000,0.774746,1.000000,1.079365,0.101987,0.319820,0.389189,0,0,6,0,0,0,0,35,0,22,0,0,0,194,465,278
1,10000.000000,10180,0.921000,79,1.000000,0.582291,1.000000,1.050633,0.113514,0.328494,0.404719,0,0,7,0,0,0,0,42,0,30,0,0,0,193,458,270
1,10000.000000,24850,0.900000,100,1.000000,0.565130,1.000000,1.050000,0.167494,0.356105,0.463953,0,0,8,0,0,0,0,39,0,53,0,0,0,192,461,247
1,10000.000000,28894,0.870000,130,1.000000,0.506131,1.000000,1.084615,0.184704,0.381797,0.495981,0,0,6,0,0,0,0,55,0,69,0,0,0,194,445,231
1,10000.000000,5065,0.904000,96,1.000000,0.655656,1.000000,1.114583,0.225806,0.400000,0.535484,0,0,4,0,0,0,0,32,0,60,0,0,0,196,468,240
1,10000.000000,5631,0.893000,107,1.000000,0.627888,1.000000,1.009346,0.145701,0.365854,0.458250,0,0,5,0,0,0,0,56,0,46,0,0,0,195,444,254
1,10000.000000,12704,0.902000,98,1.000000,0.542520,1.000000,1.173469,0.176699,0.370031,0.481346,0,0,6,0,0,0,0,40,0,52,0,0,0,194,460,248
1,10000.000000,11144,0.917000,83,1.000000,0.733711,1.000000,1.036145,0.179888,0.365248,0.479433,0,0,6,0,0,0,0,31,0,46,0,0,0,194,469,254
1,10000.000000,25449,0.886000,114,1.000000,0.584298,1.000000,1.026316,0.142857,0.356110,0.448095,0,0,7,0,0,0,0,57,0,50,0,0,0,193,443,250
1,10000.000000,7819,0.900000,100,1.000000,0.555780,1.000000,1.110000,0.208205,0.394410,0.520497,0,0,4,0,0,0,0,38,0,58,0,0,0,196,462,242
1,10000.000000,12546,0.893000,107,1.000000,0.514710,1.000000,1.093458,0.151515,0.357441,0.454798,0,0,7,0,0,0,0,50,0,50,0,0,0,193,450,250
1,10000.000000,4537,0.915000,85,1.000000,0.935188,1.000000,1.164706,0.160920,0.371841,0.472924,0,0,4,0,0,0,0,41,0,40,0,0,0,196,459,260
1,10000.000000,6160,0.915000,85,1.000000,0.455024,1.000000,1.023529,0.118159,0.333901,0.412606,0,0,7,0,0,0,0,45,0,33,0,0,0,193,455,267
1,10000.000000,27721,0.877000,123,1.000000,0.588081,1.000000,1.089431,0.200000,0.390921,0.512736,0,0,5,0,0,0,0,49,0,69,0,0,0,195,451,231
1,10000.000000,10090,0.887000,113,1.000000,0.451788,1.000000,1.079646,0.134560,0.352318,0.439470,0,0,7,0,0,0,0,59,0,47,0,0,0,193,441,253
1,10000.000000,11030,0.912000,88,1.000000,0.546841,1.000000,1.034091,0.137531,0.343802,0.434050,0,0,7,0,0,0,0,42,0,39,0,0,0,193,458,261
1,10000.000000,22075,0.893000,107,1.000000,0.489607,1.000000,1.046729,0.161656,0.361613,0.464812,0,0,7,0,0,0,0,47,0,53,0,0,0,193,453,247
1,10000.000000,22919,0.875000,125,1.000000,0.652584,1.000000,1.176000,0.177634,0.397668,0.504663,0,0,2,0,0,0,0,64,0,59,0,0,0,198,436,241
1,10000.000000,15430,0.900000,100,1.000000,0.558260,1.000000,1.020000,0.107246,0.319718,0.392676,0,0,10,0,0,0,0,53,0,37,0,0,0,190,447,263
1,10000.000000,18319,0.875000,125,1.000000,0.636624,1.000000,1.096000,0.154373,0.363966,0.462152,0,0,7,0,0,0,0,60,0,58,0,0,0,193,440,242
1,10000.000000,7125,0.901000,99,1.000000,0.549515,1.000000,1.090909,0.168550,0.372881,0.478582,0,0,5,0,0,0,0,45,0,49,0,0,0,195,455,251
1,10000.000000,27744,0.858000,142,1.000000,0.576852,1.000000,1.056338,0.192754,0.391400,0.508710,0,0,5,0,0,0,0,61,0,76,0,0,0,195,439,224
1,10000.000000,2528,0.919000,81,1.000000,0.657481,1.000000,1.086420,0.161690,0.356884,0.460870,0,0,6,0,0,0,0,34,0,41,0,0,0,194,466,259
1,10000.000000,22236,0.929000,71,1.000000,0.647352,1.000000,1.056338,0.159732,0.365957,0.467234,0,0,4,0,0,0,0,33,0,34,0,0,0,196,467,266
1,10000.000000,5136,0.878000,122,1.000000,0.556369,1.000000,1.155738,0.175359,0.381194,0.489708,0,0,5,0,0,0,0,56,0,61,0,0,0,195,444,239
1,10000.000000,20970,0.917000,83,1.000000,0.732349,1.000000,1.120482,0.172493,0.368897,0.477758,0,0,5,0,0,0,0,35,0,43,0,0,0,195,465,257
1,10000.000000,1560,0.901000,99,1.000000,0.631374,1.000000,1.060606,0.176201,0.359238,0.472141,0,0,8,0,0,0,0,36,0,55,0,0,0,192,464,245
1,10000.000000,13527,0.928000,72,1.000000,0.658694,1.000000,1.013889,0.182979,0.353635,0.471906,0,0,7,0,0,0,0,22,0,43,0,0,0,193,478,257
1,10000.000000,15988,0.882000,118,1.000000,0.606364,1.000000,1.203390,0.205172,0.391874,0.516645,0,0,5,0,0,0,0,45,0,68,0,0,0,195,455,232
1,10000.000000,16322,0.886000,114,1.000000,0.539640,1.000000,1.008772,0.175000,0.369251,0.479632,0,0,7,0,0,0,0,47,0,60,0,0,0,193,453,240
1,10000.000000,29445,0.917000,83,1.000000,0.561205,1.000000,1.072289,0.132481,0.332765,0.421160,0,0,8,0,0,0,0,38,0,37,0,0,0,192,462,263
1,10000.000000,14525,0.917000,83,1.000000,0.699145,1.000000,1.072289,0.124444,0.349005,0.430018,0,0,5,0,0,0,0,46,0,32,0,0,0,195,454,268
1,10000.000000,4239,0.888000,112,1.000000,0.549080,1.000000,1.089286,0.178182,0.385475,0.494972,0,0,4,0,0,0,0,52,0,56,0,0,0,196,448,244
1,10000.000000,10012,0.900000,100,1.000000,0.633610,1.000000,1.020000,0.176940,0.354793,0.468956,0,0,9,0,0,0,0,34,0,57,0,0,0,191,466,243
1,10000.000000,8402,0.920000,80,1.000000,0.505250,1.000000,1.050000,0.172493,0.360806,0.471062,0,0,6,0,0,0,0,31,0,43,0,0,0,194,469,257
1,10000.000000,21020,0.907000,93,1.000000,0.751903,1.000000,1.118280,0.163723,0.351393,0.457585,0,0,8,0,0,0,0,36,0,49,0,0,0,192,464,251
1,10000.000000,20105,0.897000,103,1.000000,0.595049,1.000000,1.048544,0.119475,0.342446,0.421007,0,0,7,0,0,0,0,57,0,39,0,0,0,193,443,261
1,10000.000000,28887,0.903000,97,1.000000,0.807918,1.000000,1.175258,0.129630,0.344461,0.429439,0,0,7,0,0,0,0,50,0,40,0,0,0,193,450,260
1,10000.000000,9896,0.876000,124,1.000000,0.640121,1.000000,1.169355,0.198357,0.390488,0.511389,0,0,5,0,0,0,0,50,0,69,0,0,0,195,450,231
1,10000.000000,29701,0.884000,116,1.000000,0.615155,1.000000,1.129310,0.216628,0.406036,0.534705,0,0,3,0,0,0,0,46,0,67,0,0,0,197,454,233
1,10000.000000,4398,0.913000,87,1.000000,0.512264,1.000000,1.137931,0.115119,0.346620,0.421837,0,0,5,0,0,0,0,51,0,31,0,0,0,195,449,269
1,10000.000000,1990,0.906000,94,1.000000,0.575447,1.000000,1.106383,0.185455,0.378029,0.493376,0,0,5,0,0,0,0,38,0,51,0,0,0,195,462,249
1,10000.000000,29735,0.903000,97,1.000000,0.659062,1.000000,1.216495,0.160199,0.368917,0.470016,0,0,5,0,0,0,0,46,0,46,0,0,0,195,454,254
1,10000.000000,8696,0.892000,108,1.000000,0.576139,1.000000,1.111111,0.143215,0.349185,0.442391,0,0,8,0,0,0,0,51,0,49,0,0,0,192,449,251
1,10000.000000,12723,0.914000,86,1.000000,0.731279,1.000000,1.034884,0.188764,0.376532,0.494221,0,0,5,0,0,0,0,33,0,48,0,0,0,195,467,252
1,10000.000000,29766,0.884000,116,1.000000,0.666612,1.000000,1.172414,0.222803,0.413649,0.544290,0,0,2,0,0,0,0,47,0,67,0,0,0,198,453,233
1,10000.000000,14957,0.934000,66,1.000000,0.513318,1.000000,1.015152,0.122807,0.309091,0.393939,0,0,9,0,0,0,0,27,0,30,0,0,0,191,473,270
1,10000.000000,21620,0.877000,123,1.000000,0.510228,1.000000,1.211382,0.191935,0.383085,0.501493,0,0,6,0,0,0,0,49,0,68,0,0,0,194,451,232
1,10000.000000,3580,0.922000,78,1.000000,0.603359,1.000000,1.205128,0.127273,0.333945,0.418716,0,0,7,0,0,0,0,38,0,33,0,0,0,193,462,267
1,10000.000000,16743,0.895000,105,1.000000,0.543600,1.000000,1.085714,0.140611,0.352192,0.443281,0,0,7,0,0,0,0,52,0,46,0,0,0,193,448,254
1,10000.000000,32646,0.910000,90,1.000000,0.798689,1.000000,1.088889,0.184906,0.376471,0.491765,0,0,5,0,0,0,0,36,0,49,0,0,0,195,464,251
1,10000.000000,12143,0.911000,89,1.000000,0.746685,1.000000,1.056180,0.176842,0.366667,0.478667,0,0,6,0,0,0,0,35,0,48,0,0,0,194,465,252
1,10000.000000,21636,0.877000,123,1.000000,0.567691,1.000000,1.211382,0.164372,0.377049,0.479445,0,0,5,0,0,0,0,60,0,58,0,0,0,195,440,242
1,10000.000000,15096,0.924000,76,1.000000,0.647842,1.000000,1.157895,0.125926,0.318919,0.404685,0,0,9,0,0,0,0,33,0,34,0,0,0,191,467,266
1,10000.000000,29696,0.930000,70,1.000000,0.623743,1.000000,1.028571,0.160656,0.357895,0.461053,0,0,5,0,0,0,0,30,0,35,0,0,0,195,470,265
1,10000.000000,12069,0.916000,84,1.000000,0.577000,1.000000,1.035714,0.108229,0.322635,0.395946,0,0,8,0,0,0,0,45,0,31,0,0,0,192,455,269
1,10000.000000,13847,0.901000,99,1.000000,0.550384,1.000000,1.121212,0.181679,0.384013,0.495925,0,0,4,0,0,0,0,44,0,51,0,0,0,196,456,249
1,10000.000000,6098,0.909000,91,1.000000,0.601626,1.000000,1.043956,0.148077,0.343849,0.441009,0,0,8,0,0,0,0,39,0,44,0,0,0,192,461,256
1,10000.000000,5928,0.936000,64,1.000000,0.784563,1.000000,1.000000,0.168794,0.357631,0.466059,0,0,5,0,0,0,0,25,0,34,0,0,0,195,475,266
1,10000.000000,21354,0.903000,97,1.000000,0.661763,1.000000,1.175258,0.174536,0.386992,0.493984,0,0,3,0,0,0,0,47,0,47,0,0,0,197,453,253
1,10000.000000,24947,0.880000,120,1.000000,0.493550,1.000000,1.058333,0.178082,0.367574,0.480198,0,0,8,0,0,0,0,47,0,65,0,0,0,192,453,235
1,10000.000000,15259,0.922000,78,1.000000,0.767846,1.000000,1.128205,0.153757,0.352060,0.451685,0,0,6,0,0,0,0,34,0,38,0,0,0,194,466,262
1,10000.000000,24873,0.891000,109,1.000000,0.652624,1.000000,1.137615,0.153468,0.369535,0.466291,0,0,5,0,0,0,0,55,0,49,0,0,0,195,445,251
1,10000.000000,21161,0.917000,83,1.000000,0.420976,1.000000,1.036145,0.184314,0.367021,0.483688,0,0,6,0,0,0,0,30,0,47,0,0,0,194,470,253
1,10000.000000,20621,0.912000,88,1.000000,0.489205,1.000000,1.022727,0.200000,0.363636,0.490909,0,0,8,0,0,0,0,24,0,56,0,0,0,192,476,244
1,10000.000000,29838,0.881000,119,1.000000,0.620706,1.000000,1.117647,0.185124,0.379487,0.494359,0,0,6,0,0,0,0,49,0,64,0,0,0,194,451,236
1,10000.000000,31128,0.879000,121,1.000000,0.617620,1.000000,1.165289,0.210148,0.394366,0.521639,0,0,5,0,0,0,0,45,0,71,0,0,0,195,455,229
1,10000.000000,926,0.916000,84,1.000000,0.737833,1.000000,1.142857,0.152174,0.354386,0.452632,0,0,6,0,0,0,0,38,0,40,0,0,0,194,462,260
1,10000.000000,11982,0.896000,104,1.000000,0.615567,1.000000,1.048077,0.215130,0.386957,0.518841,0,0,6,0,0,0,0,33,0,65,0,0,0,194,467,235
1,10000.000000,2728,0.928000,72,1.000000,0.595931,1.000000,1.055556,0.155556,0.349398,0.450602,0,0,6,0,0,0,0,30,0,36,0,0,0,194,470,264
1,10000.000000,18111,0.932000,68,1.000000,0.867706,1.000000,1.117647,0.154515,0.354212,0.453996,0,0,5,0,0,0,0,30,0,33,0,0,0,195,470,267
1,10000.000000,6222,0.922000,78,1.000000,0.528885,1.000000,1.051282,0.119149,0.323741,0.404317,0,0,8,0,0,0,0,38,0,32,0,0,0,192,462,268
1,10000.000000,18934,0.893000,107,1.000000,0.542888,1.000000,1.205607,0.163387,0.373027,0.475466,0,0,5,0,0,0,0,51,0,51,0,0,0,195,449,249
1,10000.000000,20945,0.880000,120,1.000000,0.517133,1.000000,1.066667,0.148697,0.365140,0.459542,0,0,6,0,0,0,0,61,0,53,0,0,0,194,439,247
1,10000.000000,110,0.898000,102,1.000000,0.503382,1.000000,1.058824,0.127273,0.356822,0.438681,0,0,5,0,0,0,0,58,0,39,0,0,0,195,442,261
1,10000.000000,15092,0.885000,115,1.000000,0.463096,1.000000,1.069565,0.142029,0.361111,0.451852,0,0,6,0,0,0,0,60,0,49,0,0,0,194,440,251
1,10000.000000,26482,0.881000,119,1.000000,0.569210,1.000000,1.100840,0.189357,0.396252,0.510576,0,0,3,0,0,0,0,55,0,61,0,0,0,197,445,239
1,10000.000000,3692,0.921000,79,1.000000,0.414684,1.000000,1.075949,0.149869,0.331588,0.431763,0,0,9,0,0,0,0,29,0,41,0,0,0,191,471,259
1,10000.000000,478,0.882000,118,1.000000,0.605686,1.000000,1.313559,0.151667,0.370904,0.466317,0,0,5,0,0,0,0,61,0,52,0,0,0,195,439,248
1,10000.000000,20798,0.883000,117,1.000000,0.571744,1.000000,1.051282,0.178288,0.376302,0.487500,0,0,6,0,0,0,0,50,0,61,0,0,0,194,450,239
1,10000.000000,17636,0.900000,100,1.000000,0.524360,1.000000,1.020000,0.151174,0.360360,0.457057,0,0,6,0,0,0,0,48,0,46,0,0,0,194,452,254
1,10000.000000,23917,0.896000,104,1.000000,0.532500,1.000000,1.105769,0.145254,0.353780,0.447646,0,0,7,0,0,0,0,50,0,47,0,0,0,193,450,253
1,10000.000000,5955,0.927000,73,1.000000,0.423438,1.000000,1.013699,0.153659,0.349206,0.449206,0,0,6,0,0,0,0,31,0,36,0,0,0,194,469,264
1,10000.000000,14712,0.899000,101,1.000000,0.864733,1.000000,1.069307,0.221053,0.405321,0.536776,0,0,3,0,0,0,0,38,0,60,0,0,0,197,462,240
1,10000.000000,540,0.905000,95,1.000000,0.584368,1.000000,1.126316,0.182898,0.360182,0.477204,0,0,8,0,0,0,0,32,0,55,0,0,0,192,468,245
1,10000.000000,32057,0.901000,99,1.000000,0.588182,1.000000,1.030303,0.171223,0.368182,0.476364,0,0,6,0,0,0,0,42,0,51,0,0,0,194,458,249
1,10000.000000,17789,0.938000,62,1.000000,0.642048,1.000000,1.080645,0.145520,0.346604,0.441686,0,0,5,0,0,0,0,28,0,29,0,0,0,195,472,271
1,10000.000000,10741,0.903000,97,1.000000,0.510722,1.000000,1.061856,0.160199,0.368917,0.470016,0,0,5,0,0,0,0,46,0,46,0,0,0,195,454,254
1,10000.000000,8286,0.895000,105,1.000000,0.481200,1.000000,1.104762,0.150215,0.350975,0.448468,0,0,8,0,0,0,0,47,0,50,0,0,0,192,453,250
1,10000.000000,1330,0.903000,97,1.000000,0.655619,1.000000,1.185567,0.189583,0.386581,0.502875,0,0,4,0,0,0,0,41,0,52,0,0,0,196,459,248
1,10000.000000,17398,0.903000,97,1.000000,0.677546,1.000000,1.175258,0.181347,0.383387,0.495208,0,0,4,0,0,0,0,43,0,50,0,0,0,196,457,250
1,10000.000000,21120,0.876000,124,1.000000,0.582548,1.000000,1.112903,0.184064,0.380247,0.494321,0,0,6,0,0,0,0,52,0,66,0,0,0,194,448,234
1,10000.000000,27501,0.930000,70,1.000000,0.725186,1.000000,1.085714,0.172603,0.370690,0.479310,0,0,4,0,0,0,0,30,0,36,0,0,0,196,470,264
1,10000.000000,15834,0.913000,87,1.000000,0.579172,1.000000,1.045977,0.180645,0.367347,0.481633,0,0,6,0,0,0,0,33,0,48,0,0,0,194,467,252
1,10000.000000,21641,0.912000,88,1.000000,0.583875,1.000000,1.079545,0.153181,0.350413,0.449917,0,0,7,0,0,0,0,38,0,43,0,0,0,193,462,257
1,10000.000000,25319,0.918000,82,1.000000,0.618744,1.000000,1.024390,0.113092,0.343693,0.417916,0,0,5,0,0,0,0,48,0,29,0,0,0,195,452,271
1,10000.000000,20178,0.903000,97,1.000000,0.636000,1.000000,1.195876,0.200000,0.384615,0.507692,0,0,5,0,0,0,0,36,0,56,0,0,0,195,464,244
1,10000.000000,10,0.437700,5623,1.000000,0.965839,1.000000,1.895252,0.153367,0.345834,0.446161,0,75,154,0,0,0,728,1364,822,1046,1434,0,0,1771,2086,520
1,10000.000000,8569,0.426400,5736,1.000000,0.980516,1.000000,1.972280,0.150102,0.347254,0.445233,0,68,154,0,0,0,691,1478,828,1067,1450,0,0,1778,2003,483
1,10000.000000,7347,0.428800,5712,1.000000,0.976180,1.000000,1.958859,0.150702,0.348772,0.446913,0,58,139,0,0,0,706,1446,869,1002,1492,0,0,1803,1979,506
1,10000.000000,11338,0.425300,5747,1.000000,0.981218,1.000000,1.988516,0.148483,0.345818,0.442953,0,73,151,0,0,0,708,1464,851,1015,1485,0,0,1776,1977,500
1,10000.000000,10180,0.419200,5808,1.000000,0.959247,1.000000,1.986915,0.152862,0.349069,0.448571,0,68,139,0,0,0,733,1483,847,1060,1478,0,0,1793,1937,462
1,10000.000000,24850,0.427900,5721,1.000000,0.964345,1.000000,1.938997,0.154305,0.350521,0.450739,0,68,124,0,0,0,732,1445,846,1032,1474,0,0,1808,1977,494
1,10000.000000,28894,0.428400,5716,1.000000,0.993425,1.000000,1.979881,0.151345,0.347708,0.446430,0,59,152,0,0,0,700,1449,856,1059,1441,0,0,1789,1995,500
1,10000.000000,5065,0.424600,5754,1.000000,0.962933,1.000000,1.970108,0.151074,0.346043,0.444839,0,61,161,0,0,0,758,1423,835,973,1543,0,0,1778,1984,484
1,10000.000000,5631,0.424400,5756,1.000000,0.980460,1.000000,1.985233,0.154065,0.350701,0.450735,0,61,132,0,0,0,711,1460,863,1076,1453,0,0,1807,1966,471
1,10000.000000,12704,0.424700,5753,1.000000,0.978302,1.000000,1.981053,0.149811,0.346720,0.444588,0,58,151,0,0,0,706,1450,897,1035,1456,0,0,1791,1947,509
1,10000.000000,11144,0.428800,5712,1.000000,0.985595,1.000000,1.946954,0.150873,0.345028,0.443845,0,83,155,0,0,0,722,1428,824,1057,1443,0,0,1762,2026,500
1,10000.000000,25449,0.430900,5691,1.000000,0.983474,1.000000,1.926551,0.148561,0.346899,0.443924,0,69,140,0,0,0,682,1415,894,1006,1485,0,0,1791,2009,509
1,10000.000000,7819,0.421200,5788,1.000000,0.990294,1.000000,1.944540,0.151124,0.347673,0.446255,0,77,134,0,0,0,715,1434,895,1047,1486,0,0,1789,1956,467
1,10000.000000,12546,0.419300,5807,1.000000,0.969052,1.000000,1.940761,0.157800,0.349587,0.452222,0,61,147,0,0,0,783,1408,839,1071,1498,0,0,1792,1970,431
1,10000.000000,4537,0.432600,5674,1.000000,0.987356,1.000000,2.000705,0.154359,0.347985,0.448630,0,79,132,0,0,0,730,1391,853,1059,1430,0,0,1789,2026,511
1,10000.000000,6160,0.433000,5670,1.000000,0.984238,1.000000,1.946384,0.155178,0.348464,0.449568,0,70,139,0,0,0,735,1388,841,1057,1440,0,0,1791,2036,503
1,10000.000000,27721,0.423800,5762,1.000000,0.977322,1.000000,1.988893,0.146639,0.346261,0.442124,0,74,142,0,0,0,687,1496,873,1009,1481,0,0,1784,1944,510
1,10000.000000,10090,0.416300,5837,1.000000,0.962040,1.000000,1.992976,0.154107,0.348174,0.448625,0,67,148,0,0,0,762,1462,846,1063,1489,0,0,1785,1930,448
1,10000.000000,11030,0.417800,5822,1.000000,0.962448,1.000000,1.998798,0.150066,0.346338,0.444430,0,60,166,0,0,0,735,1481,836,1025,1519,0,0,1774,1948,456
1,10000.000000,22075,0.423600,5764,1.000000,0.958684,1.000000,1.960444,0.153000,0.346609,0.446578,0,62,155,0,0,0,733,1399,893,1067,1455,0,0,1783,1975,478
